26 0.385546875 0.945703125 0.13671875 0.10546875
26 0.408203125 0.83046875 0.135546875 0.10546875
26 0.549609375 0.833984375 0.13828125 0.101171875
26 0.67890625 0.83125 0.1265625 0.10390625
26 0.273046875 0.715625 0.103515625 0.115625
26 0.37265625 0.616796875 0.122265625 0.10234375
26 0.490625 0.621875 0.11953125 0.0953125
26 0.3359375 0.521484375 0.1125 0.09140625
26 0.2296875 0.51953125 0.108203125 0.0921875
26 0.2515625 0.433984375 0.108203125 0.083984375
26 0.3515625 0.43125 0.100390625 0.09453125
26 0.45703125 0.435546875 0.1125 0.090625
26 0.565234375 0.440234375 0.107421875 0.083984375
26 0.40546875 0.35703125 0.105859375 0.080859375
26 0.455859375 0.284765625 0.100390625 0.079296875
26 0.566796875 0.358984375 0.105859375 0.080078125
26 0.54609375 0.28046875 0.08828125 0.08984375
26 0.66171875 0.285546875 0.080078125 0.085546875
26 0.739453125 0.28828125 0.077734375 0.080078125
26 0.5578125 0.220703125 0.0921875 0.071484375
26 0.296484375 0.21953125 0.101953125 0.0703125
26 0.349609375 0.16328125 0.08828125 0.073828125
26 0.35078125 0.10625 0.085546875 0.06171875
26 0.303125 0.0609375 0.07578125 0.0640625
26 0.446875 0.108984375 0.07421875 0.0640625
26 0.481640625 0.1625 0.0921875 0.06875
26 0.568359375 0.162109375 0.082421875 0.06796875
26 0.51640625 0.10546875 0.06640625 0.074609375
26 0.581640625 0.10546875 0.06875 0.074609375
26 0.75 0.029296875 0.06953125 0.05859375