45 0.181250 0.260937 0.120312 0.173437
45 0.090234 0.384766 0.060156 0.185156
45 0.196875 0.596484 0.131250 0.421094
45 0.178125 0.459375 0.035938 0.034375
45 0.264453 0.379297 0.111719 0.199219
45 0.301172 0.108984 0.125781 0.072656
45 0.398047 0.189844 0.324219 0.126562
45 0.385547 0.317578 0.224219 0.010156
45 0.326562 0.516797 0.092188 0.271094
45 0.311719 0.546484 0.145313 0.719531
45 0.436328 0.578906 0.253906 0.525000
45 0.459766 0.431641 0.460156 0.117969
45 0.376562 0.469531 0.420312 0.184375
45 0.513281 0.155859 0.560937 0.103906
45 0.539844 0.180859 0.760938 0.091406
45 0.540234 0.415234 0.758594 0.019531
45 0.550781 0.575781 0.695312 0.543750