45 0.150000 0.389844 0.100000 0.051563
45 0.155859 0.490625 0.103906 0.350000
45 0.348047 0.574219 0.107031 0.554688
45 0.272656 0.537891 0.145313 0.075781
45 0.317969 0.449219 0.148438 0.145312
45 0.236328 0.201563 0.080469 0.062500
45 0.358203 0.225000 0.075781 0.150000
45 0.401563 0.369531 0.034375 0.076563
45 0.432422 0.578125 0.033594 0.228125
45 0.430859 0.554688 0.271094 0.671875
45 0.557813 0.600000 0.287500 0.365625
45 0.516797 0.422656 0.302344 0.023438
45 0.457031 0.466016 0.295313 0.107031
45 0.448828 0.120703 0.300781 0.080469
45 0.483594 0.096094 0.485938 0.064062
45 0.577734 0.344922 0.533594 0.182031
45 0.537109 0.503516 0.777344 0.285156