45 0.556641 0.539844 0.660156 0.292187
45 0.552344 0.388672 0.685937 0.042969
45 0.523828 0.225391 0.635156 0.124219
45 0.504687 0.159375 0.478125 0.106250
45 0.527344 0.289062 0.485937 0.000000
45 0.537891 0.381250 0.582031 0.187500
45 0.516016 0.561328 0.432031 0.522656
45 0.439062 0.465234 0.318750 0.246094
45 0.484766 0.433203 0.507031 0.222656
45 0.451172 0.326953 0.314844 0.007031
45 0.367969 0.541406 0.179688 0.751563
45 0.436328 0.598437 0.016406 0.162500
45 0.369531 0.353906 0.032812 0.135937
45 0.305859 0.259766 0.203906 0.114844
45 0.266016 0.402734 0.177344 0.066406
45 0.306641 0.620313 0.180469 0.218750
45 0.410156 0.196875 0.251562 0.131250