45 0.256250 0.185156 0.170313 0.045313
45 0.383984 0.112500 0.096094 0.075000
45 0.477344 0.090234 0.429687 0.060156
45 0.526953 0.164062 0.838281 0.109375
45 0.500000 0.165234 0.601562 0.085156
45 0.412109 0.194922 0.374219 0.047656
45 0.324219 0.178125 0.162500 0.012500
45 0.173047 0.316016 0.114844 0.166406
45 0.338281 0.312891 0.087500 0.253906
45 0.333203 0.214062 0.080469 0.159375
45 0.441406 0.274609 0.356250 0.124219
45 0.130859 0.466797 0.086719 0.471094
45 0.397656 0.452344 0.090625 0.326562
45 0.549609 0.384766 0.380469 0.288281
45 0.540234 0.525391 0.689844 0.299219
45 0.544922 0.559375 0.408594 0.460937
45 0.419141 0.549609 0.063281 0.594531
45 0.563281 0.261719 0.590625 0.121875