26 0.9171875 0.378125 0.11875 0.15
26 0.7953125 0.57578125 0.153125 0.1171875
26 0.7859375 0.4796875 0.140625 0.14375
26 0.80859375 0.3703125 0.1171875 0.115625
26 0.684375 0.346875 0.134375 0.140625
26 0.72890625 0.27734375 0.0953125 0.0765625
26 0.53984375 0.3203125 0.153125 0.109375
26 0.58671875 0.24140625 0.103125 0.059375
26 0.45078125 0.234375 0.13125 0.10625
26 0.40859375 0.38125 0.125 0.128125
26 0.34453125 0.2796875 0.10625 0.09375
26 0.25234375 0.31796875 0.13125 0.128125
26 0.17890625 0.38125 0.1171875 0.0890625
26 0.2765625 0.55390625 0.1125 0.15
26 0.2421875 0.44921875 0.1515625 0.11875
26 0.6453125 0.52421875 0.15 0.125
26 0.53515625 0.44140625 0.1171875 0.1375
26 0.4171875 0.525 0.1484375 0.13125
26 0.35078125 0.62109375 0.146875 0.140625
26 0.1484375 0.50703125 0.125 0.13125
26 0.171875 0.6421875 0.1359375 0.1484375
26 0.2703125 0.71171875 0.11875 0.165625
26 0.40546875 0.7515625 0.1453125 0.1359375
26 0.5609375 0.63046875 0.14375 0.125
26 0.559375 0.7671875 0.1484375 0.14375
26 0.7203125 0.7453125 0.159375 0.153125
26 0.83046875 0.70859375 0.128125 0.1375
26 0.69609375 0.6375 0.1125 0.125
26 0.928125 0.6046875 0.128125 0.1484375
26 0.87890625 0.48125 0.096875 0.128125
26 0.47265625 0.67890625 0.0734375 0.096875
26 0.5296875 0.56875 0.128125 0.125
