26 0.6140625 0.04453125 0.068359375 0.05703125
26 0.537109375 0.040625 0.071484375 0.062109375
26 0.56171875 0.1765625 0.08125 0.06484375
26 0.5625 0.2359375 0.079296875 0.0703125
26 0.437890625 0.296875 0.089453125 0.072265625
26 0.534375 0.29765625 0.089453125 0.072265625
26 0.59765625 0.368359375 0.09296875 0.0796875
26 0.682421875 0.7125 0.11015625 0.095703125
26 0.43828125 0.715234375 0.1 0.0875
26 0.341796875 0.81484375 0.107421875 0.0984375
26 0.45234375 0.818359375 0.1125 0.097265625
26 0.5671875 0.819921875 0.11328125 0.094140625