10 0.63828125 0.68671875 0.14375 0.259375
10 0.36640625 0.68671875 0.125 0.271875
10 0.50234375 0.6484375 0.1375 0.259375
10 0.23046875 0.56953125 0.14375 0.246875
10 0.70234375 0.496875 0.11875 0.234375
10 0.425 0.43984375 0.1640625 0.234375
10 0.26015625 0.43203125 0.11875 0.2125
10 0.58984375 0.3796875 0.1375 0.265625
10 0.32109375 0.30703125 0.121875 0.240625
10 0.74921875 0.28203125 0.16875 0.284375
10 0.43046875 0.221875 0.1609375 0.234375
10 0.61953125 0.20703125 0.14375 0.275
10 0.47890625 0.80546875 0.146875 0.225
