45 0.118359 0.317578 0.078906 0.019531
45 0.195312 0.270313 0.096875 0.071875
45 0.157813 0.636328 0.053125 0.182031
45 0.294531 0.624609 0.114063 0.252344
45 0.410547 0.621094 0.436719 0.273438
45 0.525781 0.607422 0.845313 0.355469
45 0.358984 0.337109 0.364844 0.089844
45 0.496875 0.375781 0.587500 0.182812
45 0.539062 0.306250 0.765625 0.175000
45 0.095312 0.103125 0.015625 0.068750
45 0.141016 0.127734 0.085156 0.085156
45 0.196094 0.133984 0.192187 0.066406
45 0.245703 0.176172 0.257031 0.007031
45 0.278125 0.316797 0.237500 0.055469
45 0.297656 0.176172 0.389062 0.036719
45 0.276172 0.092578 0.330469 0.011719
45 0.330078 0.145703 0.444531 0.055469
45 0.380078 0.234375 0.538281 0.031250
45 0.400781 0.169531 0.595313 0.048437
45 0.478125 0.197266 0.731250 0.010156