45 0.472656 0.539453 0.295313 0.763281
45 0.455469 0.476562 0.410937 0.603125
45 0.383203 0.543750 0.255469 0.587500
45 0.370313 0.456250 0.246875 0.318750
45 0.382422 0.295312 0.244531 0.090625
45 0.355078 0.072656 0.167969 0.048438
45 0.466406 0.342187 0.310937 0.262500
45 0.437109 0.225781 0.261719 0.020312
45 0.446484 0.137891 0.421094 0.086719
45 0.512891 0.524609 0.728906 0.852344
45 0.527344 0.491797 0.692187 0.746094
45 0.524609 0.437500 0.692969 0.634375
45 0.500781 0.401172 0.617188 0.527344
45 0.473828 0.407422 0.335156 0.427344
45 0.485547 0.333594 0.633594 0.423437
45 0.507031 0.365234 0.792187 0.486719
45 0.535938 0.311328 0.700000 0.366406
45 0.498828 0.259766 0.535156 0.244531
45 0.540625 0.236328 0.671875 0.219531
45 0.521094 0.164844 0.632812 0.060938