45 0.400000 0.540234 0.081250 0.758594
45 0.268359 0.611719 0.178906 0.217187
45 0.135937 0.435547 0.090625 0.105469
45 0.288281 0.533984 0.042187 0.392969
45 0.180469 0.313672 0.120313 0.049219
45 0.477734 0.645312 0.253906 0.031250
45 0.505859 0.573828 0.296094 0.557031
45 0.580859 0.585938 0.161719 0.087500
45 0.412891 0.400000 0.161719 0.234375
45 0.400000 0.256641 0.087500 0.171094
45 0.586719 0.409375 0.282813 0.103125
45 0.547656 0.464453 0.714063 0.313281
45 0.535156 0.357422 0.789062 0.049219
45 0.494922 0.171094 0.142969 0.114062