45 0.217187 0.425781 0.025000 0.595312
45 0.310937 0.460938 0.115625 0.615625
45 0.358984 0.458203 0.230469 0.575781
45 0.203125 0.377734 0.021875 0.514844
45 0.175000 0.330469 0.043750 0.442187
45 0.216016 0.301953 0.067969 0.294531
45 0.240234 0.278516 0.014844 0.185156
45 0.253516 0.257422 0.144531 0.086719
45 0.305859 0.225391 0.292969 0.072656
45 0.406641 0.264844 0.366406 0.039062
45 0.455078 0.296484 0.472656 0.108594
45 0.512891 0.326562 0.572656 0.187500
45 0.351172 0.407031 0.096094 0.464062
45 0.269531 0.344922 0.092187 0.349219
45 0.310156 0.328906 0.129688 0.235938
45 0.365625 0.276562 0.281250 0.196875
45 0.353906 0.369531 0.276562 0.392188
45 0.379687 0.356641 0.343750 0.266406
45 0.481641 0.391406 0.507031 0.342187
45 0.478516 0.418750 0.407031 0.456250