10 0.2453125 0.2703125 0.2984375 0.296875
10 0.40078125 0.20859375 0.390625 0.28125
10 0.48359375 0.7296875 0.3265625 0.2375
10 0.50625 0.4 0.2875 0.2296875
10 0.55625 0.9171875 0.459375 0.165625
10 0.6765625 0.45390625 0.28125 0.18125
10 0.678125 0.1875 0.3875 0.246875
10 0.68125 0.2875 0.41875 0.190625
10 0.02421875 0.9203125 0.0484375 0.159375
10 0.815625 0.50859375 0.36875 0.2
10 0.86171875 0.76796875 0.2765625 0.3859375
10 0.059375 0.70078125 0.11875 0.159375
10 0.071875 0.2890625 0.14375 0.184375
10 0.121875 0.60234375 0.24375 0.140625
10 0.16796875 0.94140625 0.3109375 0.1171875
10 0.1796875 0.79375 0.346875 0.1578125
