10 0.28515625 0.7609375 0.284375 0.284375
10 0.33359375 0.04765625 0.259375 0.0953125
10 0.4328125 0.81953125 0.371875 0.2671875
10 0.5125 0.32421875 0.3109375 0.2265625
10 0.53359375 0.6375 0.275 0.21875
10 0.58046875 0.12265625 0.4359375 0.2046875
10 0.6953125 0.5859375 0.26875 0.171875
10 0.696875 0.83984375 0.36875 0.234375
10 0.7 0.7453125 0.4 0.1828125
10 0.0484375 0.140625 0.096875 0.15625
10 0.82578125 0.534375 0.3484375 0.190625
10 0.8703125 0.28828125 0.259375 0.365625
10 0.08203125 0.35078125 0.1640625 0.1515625
10 0.09453125 0.74375 0.1890625 0.1765625
10 0.14609375 0.4453125 0.275 0.134375
10 0.21171875 0.0890625 0.296875 0.178125
10 0.22265625 0.26328125 0.328125 0.15
