45 0.260156 0.203906 0.010937 0.135937
45 0.317188 0.124219 0.215625 0.082812
45 0.413281 0.159375 0.364063 0.106250
45 0.442188 0.194531 0.450000 0.064062
45 0.471484 0.218359 0.555469 0.025781
45 0.498047 0.318359 0.511719 0.142969
45 0.510547 0.306641 0.642969 0.185156
45 0.429688 0.413672 0.271875 0.230469
45 0.519141 0.463672 0.438281 0.299219
45 0.557031 0.452344 0.564063 0.314063
45 0.514844 0.555469 0.373437 0.479687
45 0.435938 0.554297 0.259375 0.511719
45 0.421094 0.544922 0.235938 0.730469
45 0.337500 0.576172 0.015625 0.424219
45 0.373047 0.314844 0.052344 0.089062
45 0.435547 0.323047 0.274219 0.038281
45 0.146484 0.289453 0.097656 0.094531
45 0.236328 0.383594 0.149219 0.148438
45 0.113672 0.435156 0.075781 0.226562
45 0.227344 0.480078 0.148438 0.382031
45 0.107812 0.468750 0.071875 0.468750
45 0.303516 0.403906 0.085156 0.248437
45 0.337109 0.030469 0.352344 0.020313