45 0.448437 0.526563 0.178125 0.840625
45 0.558984 0.596875 0.239844 0.418750
45 0.444531 0.607813 0.229687 0.353125
45 0.073828 0.447266 0.049219 0.222656
45 0.172266 0.500781 0.114844 0.189063
45 0.356250 0.457422 0.175000 0.180469
45 0.445312 0.473438 0.028125 0.225000
45 0.551172 0.451953 0.246094 0.185156
45 0.644922 0.454297 0.005469 0.185156
45 0.452344 0.431641 0.273438 0.167969
45 0.379688 0.201562 0.040625 0.134375
45 0.583203 0.422656 0.500781 0.095313
45 0.567969 0.256641 0.292188 0.171094