0 0.009000 0.943050 0.018000 0.038042
0 0.015000 0.860958 0.030000 0.058065
0 0.033500 0.781870 0.065000 0.056063
0 0.036500 0.840435 0.071000 0.065072
0 0.015500 0.906509 0.023000 0.047052
0 0.061000 0.749334 0.064000 0.043047
0 0.139000 0.963072 0.214000 0.098109
0 0.089500 0.818411 0.059000 0.055062
0 0.085500 0.767354 0.047000 0.019022
0 0.082500 0.726308 0.025000 0.015016
0 0.086000 0.741325 0.028000 0.041046
0 0.098500 0.891492 0.045000 0.033037
0 0.122500 0.736319 0.059000 0.051057
0 0.124500 0.872471 0.053000 0.021024
0 0.149000 0.975085 0.074000 0.064072
0 0.148000 0.902504 0.068000 0.043048
0 0.176000 0.889990 0.058000 0.052058
0 0.171000 0.759345 0.026000 0.037041
0 0.197500 0.808399 0.031000 0.033037
0 0.217500 0.765352 0.041000 0.029032
0 0.225500 0.744328 0.029000 0.039044
0 0.232500 0.792381 0.043000 0.049054
0 0.312000 0.891492 0.174000 0.127142
0 0.242000 0.746331 0.028000 0.035039
0 0.333000 0.995608 0.064000 0.063071
0 0.344000 0.963573 0.054000 0.035039
0 0.401500 0.977588 0.061000 0.049054
0 0.442500 0.995608 0.073000 0.065073
0 0.468000 0.944551 0.060000 0.051057
0 0.487500 0.914518 0.049000 0.029032
0 0.526500 0.941047 0.053000 0.054059
0 0.524500 0.905007 0.029000 0.014016
0 0.529000 0.900502 0.028000 0.023026
0 0.565500 0.926531 0.045000 0.057064
0 0.731500 0.893995 0.155000 0.084094
0 0.757500 0.818411 0.039000 0.051057
0 0.770500 0.786375 0.049000 0.041046
0 0.779500 0.834429 0.039000 0.031034
0 0.805500 0.805897 0.053000 0.022024
0 0.806500 0.816909 0.043000 0.050056
0 0.825000 0.919523 0.060000 0.045050
0 0.850500 0.902504 0.049000 0.051056
0 0.987500 0.829423 0.139000 0.055062
0 0.977500 0.932537 0.053000 0.047052
