0 0.306000 0.693271 0.064000 0.057064
0 0.490500 0.971581 0.061000 0.063071
0 0.551000 0.734817 0.072000 0.066074
0 0.544500 0.828922 0.055000 0.066073
0 0.694500 0.572637 0.055000 0.054061
0 0.697500 0.399945 0.057000 0.037041
0 0.713000 0.729812 0.056000 0.088098
0 0.731000 0.841937 0.076000 0.082091
0 0.783500 0.881481 0.099000 0.097108
0 0.798000 0.715296 0.036000 0.031035
0 0.840000 0.820914 0.096000 0.094105
0 0.844000 0.731814 0.076000 0.064072
0 0.862500 0.276307 0.089000 0.084093
0 0.866000 0.971581 0.082000 0.055062
0 0.907500 0.324361 0.067000 0.090101
