0 0.048517 0.904500 0.097035 0.167000
0 0.239585 0.536500 0.479170 0.175000
0 0.316112 0.652500 0.632223 0.265000
0 0.114541 0.883500 0.085030 0.099000
0 0.192568 0.826500 0.137048 0.109000
0 0.171560 0.479500 0.063022 0.049000
0 0.229581 0.467000 0.063022 0.030000
0 0.302607 0.782500 0.123043 0.121000
0 0.399641 0.424500 0.071026 0.043000
0 0.596712 0.669000 0.115041 0.118000
0 0.700748 0.620000 0.099035 0.084000
0 0.860305 0.782500 0.396141 0.295000
0 0.769273 0.585500 0.098035 0.077000
0 0.823791 0.465500 0.077027 0.033000
0 0.944334 0.482000 0.082030 0.044000
