0 0.028000 0.794884 0.056000 0.096108
0 0.073000 0.420969 0.076000 0.031035
0 0.121500 0.447998 0.057000 0.059066
0 0.153000 0.521580 0.076000 0.060068
0 0.173000 0.463516 0.086000 0.066074
0 0.268000 0.953061 0.084000 0.084093
0 0.290000 0.814907 0.086000 0.084093
0 0.332500 0.492548 0.107000 0.084093
0 0.345000 0.889991 0.102000 0.090101
0 0.379000 0.778867 0.088000 0.082091
0 0.393000 0.437487 0.100000 0.080089
0 0.412500 0.543605 0.115000 0.078087
0 0.457000 0.480534 0.092000 0.092103
0 0.836000 0.723805 0.138000 0.140156
0 0.930000 0.938044 0.166000 0.166185
0 0.936500 0.536097 0.121000 0.079088
