0 0.191000 0.644717 0.382000 0.658733
0 0.034500 0.143660 0.051000 0.039043
0 0.091000 0.074583 0.024000 0.027031
0 0.117500 0.044550 0.057000 0.041046
0 0.346500 0.190212 0.215000 0.242270
0 0.439500 0.807899 0.057000 0.052058
0 0.532000 0.065573 0.238000 0.131146
0 0.469000 0.564628 0.022000 0.032036
0 0.486500 0.532092 0.017000 0.025028
0 0.554000 0.701280 0.050000 0.041045
0 0.585500 0.967577 0.031000 0.033037
0 0.612500 0.863461 0.031000 0.037041
0 0.645500 0.851948 0.039000 0.034038
0 0.651500 0.933038 0.031000 0.030034
0 0.673500 0.684762 0.029000 0.026029
0 0.724500 0.020022 0.041000 0.040044
0 0.899500 0.082592 0.027000 0.019022
0 0.924500 0.061068 0.027000 0.028031
0 0.955000 0.062069 0.034000 0.026029
