0 0.065500 0.541131 0.099000 0.072017
0 0.032500 0.787191 0.025000 0.022006
0 0.124000 0.788191 0.108000 0.078019
0 0.155000 0.969235 0.088000 0.086021
0 0.199000 0.359087 0.078000 0.076019
0 0.227000 0.842704 0.086000 0.071017
0 0.280500 0.379092 0.103000 0.092023
0 0.293000 0.819198 0.036000 0.058014
0 0.344000 0.814197 0.074000 0.072017
0 0.343000 0.875712 0.060000 0.055014
0 0.374000 0.301073 0.056000 0.068016
0 0.425000 0.358087 0.080000 0.074018
0 0.447000 0.289070 0.090000 0.096023
0 0.558000 0.682665 0.080000 0.071017
0 0.637500 0.665161 0.069000 0.086021
0 0.639500 0.502122 0.069000 0.076018
0 0.718500 0.569138 0.051000 0.058014
0 0.791000 0.414100 0.074000 0.068017
0 0.791000 0.698169 0.058000 0.046011
0 0.803500 0.823199 0.045000 0.032008
