0 0.025782 0.717188 0.051563 0.084375
0 0.027344 0.342969 0.054688 0.067188
0 0.044531 0.748438 0.070314 0.053125
0 0.069531 0.681250 0.070314 0.075000
0 0.080469 0.624219 0.067187 0.057813
0 0.207031 0.895312 0.304686 0.256250
0 0.309375 0.695312 0.068750 0.043750
0 0.396874 0.991406 0.046875 0.032813
0 0.542969 0.689063 0.070312 0.065625
0 0.560156 0.746094 0.070312 0.057813
0 0.597656 0.721094 0.060938 0.070312
0 0.675000 0.095312 0.043750 0.068750
0 0.731250 0.144531 0.075000 0.064062
0 0.753906 0.557031 0.070312 0.079687
0 0.787500 0.503125 0.068750 0.078124
0 0.817969 0.565625 0.085938 0.075000
0 0.878125 0.863281 0.040624 0.064062
0 0.893750 0.957031 0.068750 0.060938
0 0.904687 0.992187 0.068750 0.062500
0 0.922656 0.079687 0.073437 0.068749
0 0.936718 0.860937 0.032813 0.062501
0 0.978125 0.362500 0.065626 0.068750
0 0.986718 0.112500 0.076563 0.062501
