0 0.023000 0.226500 0.046000 0.073001
0 0.108500 0.868500 0.031000 0.028999
0 0.153000 0.870500 0.050000 0.025000
0 0.164500 0.841500 0.039000 0.033000
0 0.166500 0.671500 0.039000 0.029000
0 0.239500 0.712500 0.043000 0.034999
0 0.305000 0.024500 0.026000 0.037000
0 0.351500 0.595500 0.033000 0.037001
0 0.357500 0.558500 0.033000 0.033000
0 0.379500 0.607500 0.023000 0.037001
0 0.458000 0.653000 0.036000 0.042000
0 0.490000 0.646500 0.028000 0.028999
0 0.556500 0.592500 0.025000 0.034999
0 0.589500 0.591500 0.033000 0.033000
0 0.594500 0.601500 0.027000 0.033000
0 0.694500 0.454500 0.211000 0.099000
