0 0.767500 0.682000 0.339000 0.362000
0 0.009500 0.943500 0.019000 0.047000
0 0.034500 0.912000 0.051000 0.050000
0 0.045500 0.859500 0.063000 0.047000
0 0.042000 0.395000 0.022001 0.022000
0 0.057500 0.535500 0.047000 0.041000
0 0.101000 0.032000 0.128000 0.064000
0 0.085000 0.809000 0.032000 0.038000
0 0.268000 0.931500 0.098000 0.093000
0 0.308000 0.084500 0.164000 0.161000
0 0.515500 0.452500 0.323000 0.369000
0 0.493500 0.247500 0.027000 0.025000
0 0.839500 0.337500 0.347000 0.359000
0 0.689000 0.440000 0.036000 0.032000
0 0.690000 0.418000 0.016001 0.016000
0 0.771000 0.995000 0.067999 0.052000
0 0.870500 0.968500 0.071000 0.049000
0 0.944000 0.968500 0.060000 0.055000
0 0.956500 0.610500 0.041000 0.041000
0 0.978500 0.593000 0.025000 0.022000
