0 0.324500 0.793500 0.165000 0.339000
0 0.376500 0.535500 0.169000 0.087000
0 0.408000 0.447500 0.056000 0.039000
0 0.500000 0.796000 0.178000 0.236000
0 0.480500 0.447500 0.077000 0.039000
0 0.483500 0.363000 0.083000 0.048000
0 0.488000 0.534500 0.074000 0.043000
0 0.539500 0.626000 0.165000 0.116000
0 0.588500 0.535500 0.097000 0.049001
0 0.596500 0.454500 0.101000 0.037001
0 0.602500 0.368000 0.105000 0.042000
0 0.742500 0.882500 0.281000 0.417000
0 0.828000 0.148000 0.304000 0.296000
0 0.842500 0.497000 0.299000 0.258000
0 0.816500 0.644500 0.083000 0.025000
0 0.966500 0.588000 0.213000 0.304001
