0 0.013500 0.435985 0.027000 0.039043
0 0.013500 0.468020 0.027000 0.045050
0 0.015500 0.352392 0.031000 0.080089
0 0.021000 0.140656 0.042000 0.051056
0 0.105000 0.227754 0.210000 0.209233
0 0.007000 0.275807 0.012000 0.047052
0 0.124000 0.565129 0.246000 0.277309
0 0.288500 0.595162 0.351000 0.307343
0 0.285500 0.365407 0.299000 0.188210
0 0.501000 0.428977 0.344000 0.263292
0 0.587000 0.649723 0.340000 0.302336
0 0.660500 0.293326 0.271000 0.250279
0 0.597000 0.567131 0.132000 0.105117
0 0.893000 0.459511 0.502000 0.344382
0 0.849500 0.685763 0.353000 0.328365
