0 0.128000 0.397644 0.172000 0.069025
0 0.158500 0.313614 0.123000 0.111041
0 0.341500 0.430656 0.147000 0.099036
0 0.369500 0.326118 0.125000 0.090033
0 0.381500 0.684748 0.055000 0.065024
0 0.425000 0.683748 0.078000 0.071026
0 0.422500 0.741269 0.063000 0.060022
0 0.443000 0.630729 0.084000 0.055020
0 0.491000 0.679746 0.062000 0.055019
0 0.548000 0.439659 0.164000 0.075027
0 0.583500 0.322617 0.119000 0.113042
0 0.635000 0.773780 0.086000 0.087031
0 0.645500 0.715759 0.047000 0.033012
0 0.669500 0.801791 0.037000 0.027010
0 0.703000 0.726263 0.088000 0.076028
0 0.721000 0.788286 0.078000 0.058020
0 0.754500 0.768779 0.055000 0.043016
0 0.837000 0.436658 0.164000 0.103038
0 0.833500 0.322617 0.127000 0.113042
