45 0.176953 0.361328 0.008594 0.074219
45 0.099219 0.219531 0.042188 0.106250
45 0.164453 0.193359 0.042969 0.128906
45 0.257812 0.178516 0.218750 0.094531
45 0.362500 0.168359 0.368750 0.092969
45 0.447266 0.172266 0.561719 0.114844
45 0.500781 0.187500 0.764062 0.125000
45 0.540234 0.389844 0.758594 0.050000
45 0.473437 0.403516 0.581250 0.046094
45 0.364063 0.415234 0.412500 0.032031
45 0.282813 0.372656 0.198437 0.021875
45 0.113672 0.584375 0.075781 0.431250
45 0.210547 0.573438 0.071094 0.559375
45 0.317578 0.578906 0.305469 0.526563
45 0.451172 0.575781 0.485156 0.545312
45 0.544141 0.587500 0.735156 0.473438