5 0.085802 0.686776 0.171605 0.603474
5 0.174692 0.602857 0.159259 0.586196
5 0.211728 0.301120 0.080246 0.192520
5 0.311110 0.678137 0.212346 0.652838
5 0.277778 0.204861 0.046914 0.098727
5 0.292593 0.275204 0.064197 0.056769
5 0.348766 0.248054 0.070370 0.111069
5 0.398148 0.203009 0.055557 0.132048
5 0.406790 0.263480 0.065432 0.104899
5 0.451235 0.215350 0.062963 0.119707
5 0.458642 0.310993 0.077778 0.150560
5 0.554321 0.686775 0.207406 0.670116
5 0.514198 0.235096 0.050616 0.092557
5 0.562963 0.359739 0.088890 0.181413
5 0.554321 0.175859 0.059259 0.104899
5 0.592593 0.153645 0.061730 0.114771
5 0.624691 0.214733 0.064198 0.120942
5 0.644445 0.161050 0.061728 0.097493
5 0.937038 0.124027 0.609877 0.154263
5 0.674074 0.306056 0.071605 0.140687
5 0.695062 0.232010 0.061730 0.103665
5 0.772222 0.699734 0.169136 0.688627
5 0.779630 0.358506 0.107406 0.159199
5 0.783333 0.247437 0.087654 0.092557
5 0.872222 0.276438 0.080246 0.076514
5 0.880864 0.162284 0.070371 0.053067
5 0.878395 0.207945 0.055555 0.055535
5 0.993210 0.693563 0.159259 0.700968
5 0.980247 0.407252 0.091358 0.269033
5 0.985802 0.236947 0.067902 0.059236
