5 0.020625 0.163126 0.041250 0.090000
5 0.031875 0.277500 0.063750 0.138749
5 0.105000 0.660000 0.210000 0.622500
5 0.082500 0.220313 0.097500 0.129374
5 0.060937 0.139688 0.046874 0.118124
5 0.157500 0.544687 0.206249 0.526874
5 0.112500 0.080624 0.063749 0.082500
5 0.124687 0.176250 0.073126 0.108751
5 0.178125 0.491250 0.168750 0.506251
5 0.158437 0.043125 0.050626 0.086250
5 0.167812 0.125624 0.058124 0.082500
5 0.199687 0.345000 0.110626 0.315000
5 0.225937 0.220312 0.088126 0.155624
5 0.203437 0.074063 0.035626 0.084374
5 0.260625 0.178125 0.063750 0.176250
5 0.308438 0.554063 0.155624 0.541874
5 0.249374 0.044062 0.022500 0.088124
5 0.297188 0.104062 0.088124 0.114376
5 0.377812 0.256875 0.118124 0.183750
5 0.375938 0.335625 0.099376 0.273750
5 0.382500 0.195000 0.105000 0.187500
5 0.384375 0.137812 0.033750 0.159376
5 0.460312 0.561563 0.136876 0.553126
5 0.496875 0.350625 0.142499 0.243750
5 0.505313 0.318750 0.121874 0.255000
5 0.503438 0.155625 0.080624 0.123750
5 0.494063 0.056250 0.043126 0.037500
5 0.524062 0.290625 0.088124 0.251250
5 0.613125 0.314062 0.123750 0.151876
5 0.614999 0.558750 0.093750 0.540000
5 0.624375 0.149063 0.067499 0.088126
5 0.611251 0.087188 0.033750 0.046876
5 0.645937 0.202501 0.080626 0.101250
5 0.690937 0.082500 0.065626 0.060000
5 0.722812 0.206250 0.073124 0.131249
5 0.763124 0.252188 0.135000 0.125624
5 0.712500 0.126562 0.026251 0.080624
5 0.757500 0.567187 0.112500 0.556874
5 0.765938 0.302813 0.099376 0.125626
5 0.770625 0.208126 0.101250 0.112500
5 0.796874 0.105938 0.075000 0.069376
5 0.840001 0.212813 0.078750 0.140626
5 0.837187 0.148125 0.050626 0.063750
5 0.911250 0.499687 0.157500 0.429374
5 0.905625 0.329063 0.131250 0.166874
5 0.918750 0.645937 0.157500 0.605626
5 0.884063 0.251250 0.065626 0.116249
5 0.881250 0.093750 0.056249 0.045000
5 0.913126 0.046875 0.045000 0.078750
5 0.916875 0.138750 0.033750 0.097500
5 0.953438 0.073125 0.043124 0.101250
5 0.963750 0.188438 0.045000 0.129376
