6 0.044500 0.602000 0.089000 0.066000
6 0.206000 0.263000 0.076000 0.062000
6 0.332000 0.582500 0.080000 0.087000
6 0.530000 0.327500 0.060000 0.091000
6 0.554000 0.428500 0.054000 0.079000
6 0.668000 0.427000 0.074000 0.064000
6 0.745000 0.402500 0.056000 0.051000
6 0.732500 0.764500 0.027000 0.031000
6 0.832000 0.562000 0.056000 0.076000
6 0.855500 0.312500 0.041000 0.025000
6 0.880500 0.258000 0.079000 0.072000
6 0.933500 0.321000 0.031000 0.034001
6 0.953000 0.269000 0.062000 0.058000
6 0.975500 0.021000 0.041000 0.042000
