7 0.505509 0.517733 0.647753 0.674208
7 0.311671 0.463590 0.096481 0.094870
7 0.380032 0.591531 0.081075 0.099103
7 0.443557 0.756100 0.100698 0.118398
7 0.486083 0.582100 0.056909 0.082796
7 0.441963 0.404014 0.086160 0.074285
7 0.518790 0.518120 0.080347 0.083478
7 0.577209 0.708356 0.082491 0.096023
7 0.611318 0.597478 0.074315 0.087983
7 0.522812 0.414972 0.070317 0.069142
7 0.660441 0.399419 0.081147 0.100665
7 0.659865 0.596544 0.076605 0.103654
7 0.680297 0.712138 0.063087 0.081415
7 0.445075 0.320398 0.090595 0.102501
7 0.285644 0.333752 0.068647 0.100302
