7 0.151438 0.365112 0.094726 0.051120
7 0.245973 0.203550 0.138722 0.057080
7 0.352213 0.162042 0.116437 0.048631
7 0.413249 0.236585 0.124577 0.055109
7 0.347470 0.282400 0.088067 0.043126
7 0.215302 0.400615 0.105166 0.071705
7 0.265844 0.436513 0.129504 0.089575
7 0.359096 0.418883 0.147844 0.082308
7 0.494562 0.521412 0.111661 0.076575
7 0.478511 0.454438 0.114377 0.068853
7 0.558202 0.471623 0.120545 0.067472
7 0.573039 0.442322 0.119310 0.073677
7 0.655685 0.432990 0.145538 0.097842
7 0.712767 0.478468 0.175471 0.103393
7 0.799878 0.398846 0.179907 0.128484
7 0.675394 0.310720 0.135426 0.083506
7 0.077511 0.614765 0.155022 0.078120
7 0.271721 0.608039 0.149571 0.085478
7 0.191245 0.755143 0.132137 0.080291
7 0.285783 0.787627 0.146036 0.077575
7 0.289843 0.740016 0.145545 0.068200
7 0.381624 0.765378 0.164950 0.081245
7 0.484101 0.810611 0.131155 0.061541
7 0.505471 0.761157 0.142584 0.071234
7 0.349169 0.891971 0.133291 0.072524
7 0.177407 0.840027 0.117420 0.067381
