7 0.353125 0.133594 0.074219 0.070312
7 0.454688 0.123438 0.065625 0.067187
7 0.582031 0.150000 0.070312 0.057031
7 0.567187 0.206250 0.071875 0.071094
7 0.633594 0.213281 0.063281 0.058594
7 0.440625 0.179688 0.046875 0.042969
7 0.439844 0.242188 0.049219 0.061719
7 0.397656 0.272656 0.058594 0.058594
7 0.507812 0.349219 0.057813 0.057031
7 0.482031 0.517188 0.055469 0.051562
7 0.431250 0.578125 0.055469 0.053125
7 0.452344 0.650781 0.044531 0.061719
7 0.439063 0.707031 0.029687 0.063281
7 0.406250 0.735156 0.039062 0.046875
7 0.446875 0.767188 0.038281 0.055469
7 0.469531 0.778906 0.052344 0.062500
7 0.485156 0.731250 0.039062 0.044531
7 0.522656 0.821094 0.048438 0.060156
7 0.468750 0.889844 0.058594 0.066406
7 0.402344 0.840625 0.063281 0.065625
7 0.393750 0.889062 0.042188 0.050781
7 0.383594 0.771094 0.060156 0.064062
7 0.314844 0.685156 0.055469 0.058594
7 0.325781 0.626563 0.051562 0.065625
7 0.257031 0.625000 0.058594 0.069531
7 0.246094 0.567187 0.076563 0.057813
7 0.255469 0.526563 0.064844 0.036719
7 0.663281 0.478125 0.074219 0.075781
7 0.656250 0.558594 0.056250 0.065625
7 0.666406 0.643750 0.050000 0.048438
7 0.595313 0.633594 0.061719 0.078906
7 0.629687 0.684375 0.064062 0.060156
7 0.676562 0.779687 0.082812 0.104688
7 0.632031 0.748437 0.069531 0.064844
7 0.673438 0.743750 0.046094 0.050781
7 0.717969 0.710156 0.060156 0.069531
7 0.788281 0.621875 0.050000 0.060937
