7 0.454832 0.059987 0.094768 0.088591
7 0.563771 0.098760 0.109122 0.113755
7 0.580195 0.164585 0.092316 0.146367
7 0.500598 0.223042 0.106542 0.160593
7 0.423980 0.294035 0.107995 0.151236
7 0.425223 0.455790 0.122312 0.173275
7 0.351232 0.368199 0.088755 0.108831
7 0.327287 0.277283 0.169351 0.187883
7 0.224326 0.262020 0.103090 0.132432
7 0.168685 0.209022 0.128072 0.131160
7 0.193193 0.385894 0.115590 0.132577
7 0.219273 0.494806 0.106397 0.148093
7 0.342919 0.478273 0.116934 0.113845
7 0.442165 0.477084 0.116916 0.112283
7 0.604102 0.527412 0.107468 0.105924
