7 0.571875 0.375781 0.550781 0.502344
7 0.408594 0.168750 0.090625 0.062500
7 0.394531 0.286719 0.064844 0.075000
7 0.644531 0.273438 0.148438 0.110937
7 0.516406 0.416406 0.127344 0.121875
7 0.635938 0.441406 0.056250 0.064062
7 0.748437 0.439063 0.079687 0.082812
7 0.475000 0.538281 0.101562 0.071875
7 0.488281 0.388281 0.087500 0.085156
7 0.609375 0.544531 0.081250 0.075000
7 0.742969 0.521875 0.071094 0.076563
7 0.661719 0.200781 0.071094 0.086719
7 0.696094 0.287500 0.080469 0.054688
7 0.537500 0.198437 0.142969 0.106250
