7 0.550000 0.100781 0.132031 0.175781
7 0.663281 0.116406 0.105469 0.155469
7 0.779687 0.242969 0.150000 0.171094
7 0.532031 0.433594 0.175000 0.196875
7 0.485156 0.223438 0.107813 0.139063
7 0.303906 0.124219 0.138281 0.163281
7 0.084375 0.169531 0.155469 0.168750
7 0.310937 0.313281 0.155469 0.143750
7 0.173437 0.343750 0.130469 0.120313
7 0.265625 0.485156 0.148438 0.159375
7 0.123438 0.581250 0.158594 0.181250
7 0.297656 0.621875 0.163281 0.164844
7 0.359375 0.775781 0.157812 0.195312
7 0.549219 0.779687 0.167969 0.207813
7 0.782813 0.660937 0.162500 0.217188
7 0.799219 0.795312 0.184375 0.217188
7 0.884375 0.428906 0.161719 0.154688
7 0.940625 0.078906 0.117969 0.145313
7 0.525781 0.919531 0.168750 0.120313
7 0.191406 0.939844 0.160938 0.120313
