7 0.912474 0.432812 0.137057 0.140625
7 0.917339 0.310156 0.138626 0.110937
7 0.800698 0.180469 0.192891 0.162500
7 0.580282 0.450781 0.224053 0.190625
7 0.805745 0.501563 0.157786 0.118750
7 0.889055 0.700781 0.156381 0.151562
7 0.842025 0.927344 0.188784 0.143750
7 0.698140 0.691406 0.165094 0.168750
7 0.656726 0.840625 0.138702 0.142187
7 0.508842 0.740625 0.180391 0.162500
7 0.396047 0.895312 0.205883 0.171875
7 0.362247 0.705469 0.187460 0.178125
7 0.198580 0.638281 0.221508 0.171875
7 0.204702 0.432031 0.234581 0.182812
7 0.347737 0.177344 0.243710 0.178125
7 0.202585 0.159375 0.246419 0.200000
7 0.605322 0.077344 0.173732 0.154688
7 0.953544 0.036719 0.092911 0.073438
7 0.061143 0.457031 0.122286 0.184375
7 0.041633 0.824219 0.083265 0.175000
