7 0.258888 0.381301 0.082941 0.098293
7 0.332729 0.446398 0.114900 0.139464
7 0.350318 0.333625 0.116626 0.148866
7 0.432431 0.327506 0.109640 0.106569
7 0.438344 0.391446 0.119369 0.127046
7 0.441986 0.496038 0.102318 0.134558
7 0.429493 0.585291 0.114491 0.116026
7 0.348144 0.547661 0.104734 0.093988
7 0.307264 0.607731 0.103444 0.109585
7 0.189186 0.616040 0.144424 0.130607
7 0.298187 0.725041 0.084640 0.106133
7 0.322700 0.797248 0.111502 0.123784
7 0.407611 0.809824 0.087438 0.087438
7 0.375141 0.656531 0.094069 0.109422
7 0.388621 0.734397 0.078390 0.106024
7 0.512741 0.693180 0.139791 0.133650
7 0.473027 0.775879 0.087656 0.099938
7 0.473540 0.836008 0.090781 0.099992
7 0.610196 0.747712 0.126964 0.114682
7 0.553541 0.816649 0.103281 0.100210
7 0.643026 0.790875 0.085902 0.088973
7 0.717524 0.684138 0.124221 0.136502
7 0.681374 0.607449 0.098893 0.117316
7 0.598925 0.543283 0.103335 0.103335
7 0.531888 0.535862 0.093688 0.087547
7 0.541654 0.468525 0.095632 0.109449
7 0.559079 0.365127 0.111202 0.106597
7 0.627295 0.215544 0.092425 0.104707
7 0.477091 0.229881 0.087656 0.099938
7 0.368493 0.187259 0.103281 0.100210
7 0.714622 0.268691 0.062656 0.099501
7 0.699691 0.363454 0.112738 0.105061
7 0.641845 0.455842 0.118824 0.095796
7 0.725720 0.527793 0.122249 0.113038
7 0.767188 0.612980 0.092725 0.121894
7 0.843457 0.539015 0.101827 0.106433
7 0.874586 0.411167 0.106269 0.092452
7 0.841574 0.333642 0.085793 0.082723
