8 0.132000 0.596970 0.088000 0.060817
8 0.148000 0.608973 0.072000 0.046413
8 0.155200 0.637782 0.083200 0.059216
8 0.193600 0.665789 0.105600 0.060818
8 0.225600 0.689796 0.102400 0.067219
8 0.264000 0.760216 0.166400 0.089625
8 0.296800 0.532152 0.200000 0.062418
8 0.343200 0.585767 0.235200 0.080022
8 0.268000 0.349699 0.065600 0.043212
8 0.333600 0.845841 0.136000 0.068819
8 0.384000 0.646584 0.214400 0.108831
8 0.407200 0.907458 0.171200 0.102429
8 0.376000 0.353701 0.057600 0.032010
8 0.799200 0.278479 0.801600 0.147241
8 0.472000 0.941067 0.124800 0.121634
8 0.489600 0.362503 0.044800 0.043213
8 0.602400 0.550557 0.238400 0.092827
8 0.666400 0.406516 0.328000 0.060817
8 0.664800 0.737010 0.321600 0.123234
8 0.723200 0.588167 0.227200 0.091226
8 0.801600 0.981079 0.108800 0.076821
8 0.848800 0.997884 0.145600 0.081622
8 0.877600 0.784223 0.132800 0.096027
8 0.995200 0.631379 0.288000 0.113633
8 0.996000 0.946669 0.097600 0.065619
