14 0.685937 0.453906 0.079687 0.114062
14 0.784375 0.460156 0.070312 0.103906
14 0.679688 0.578125 0.089844 0.133594
14 0.821094 0.640625 0.095312 0.153906
14 0.531250 0.700000 0.088281 0.135937
14 0.075781 0.789844 0.093750 0.112500
14 0.191406 0.813281 0.084375 0.142969
14 0.799219 0.786719 0.078125 0.137500
14 0.446875 0.810156 0.083594 0.137500
14 0.900000 0.807031 0.085156 0.139063
14 0.677344 0.821875 0.089063 0.119531
14 0.325000 0.878125 0.088281 0.128125
14 0.032813 0.930469 0.065625 0.123438
