14 0.132812 0.172656 0.239063 0.326562
14 0.904687 0.253125 0.189062 0.473438
14 0.360938 0.303906 0.191406 0.375000
14 0.542969 0.310937 0.176563 0.278125
14 0.734375 0.403906 0.247656 0.408594
14 0.145313 0.485938 0.230469 0.341406
14 0.537500 0.567969 0.228125 0.371875
14 0.353906 0.673438 0.184375 0.350000
14 0.896875 0.685937 0.204687 0.410938
14 0.729688 0.738281 0.197656 0.323437
14 0.142969 0.807031 0.192188 0.296875
14 0.387500 0.909375 0.310156 0.171094
14 0.778125 0.900781 0.442969 0.173437
14 0.483594 0.085156 0.260937 0.170313
14 0.703125 0.107813 0.219531 0.215625
