14 0.128906 0.113281 0.237500 0.226562
14 0.903125 0.257031 0.193750 0.495312
14 0.353125 0.218750 0.189844 0.398438
14 0.535937 0.255469 0.175781 0.300000
14 0.724219 0.379688 0.246875 0.437500
14 0.134375 0.364063 0.228906 0.369531
14 0.523438 0.510938 0.227344 0.400000
14 0.339062 0.585156 0.183594 0.373437
14 0.887500 0.688281 0.215625 0.434375
14 0.712500 0.712500 0.196875 0.346875
14 0.125000 0.684375 0.191406 0.321094
14 0.365625 0.826562 0.310156 0.208594
14 0.764062 0.883594 0.457031 0.230469
14 0.482812 0.060156 0.259375 0.120313
14 0.700000 0.100000 0.218750 0.200000
