14 0.285156 0.279687 0.164062 0.227344
14 0.310937 0.875781 0.140625 0.214844
14 0.363281 0.483594 0.182812 0.271094
14 0.426563 0.124219 0.182812 0.214844
14 0.434375 0.501563 0.675000 0.992969
14 0.445312 0.895312 0.131250 0.205469
14 0.486719 0.501563 0.779687 0.992969
14 0.553125 0.629687 0.182812 0.264062
14 0.560937 0.967187 0.127344 0.061719
14 0.589844 0.142969 0.218750 0.242188
14 0.698438 0.307812 0.209375 0.309375
14 0.701562 0.758594 0.187500 0.300781
14 0.707812 0.949219 0.188281 0.098437
14 0.821094 0.164062 0.106250 0.251563
14 0.821094 0.417969 0.092969 0.227344
14 0.814844 0.659375 0.089063 0.243750
14 0.224219 0.662500 0.142187 0.246094
14 0.235156 0.468750 0.120313 0.169531
