16 0.076875 0.424375 0.153750 0.166250
16 0.107500 0.332500 0.162501 0.082500
16 0.191874 0.610625 0.151250 0.143750
16 0.304374 0.362500 0.176250 0.097500
16 0.361875 0.726250 0.216250 0.112500
16 0.404374 0.157500 0.213750 0.082500
16 0.612499 0.947500 0.590000 0.350000
16 0.440000 0.313125 0.177501 0.106249
16 0.576250 0.499375 0.355000 0.183750
16 0.532500 0.223125 0.107499 0.118751
16 0.671875 0.251250 0.183750 0.117499
16 0.738750 0.448125 0.167501 0.143749
16 0.828750 0.238750 0.150000 0.087500
16 0.840000 0.516250 0.160000 0.150000
