16 0.7982456140624999 0.6424418609375 0.8026315796875 0.4912790703125 0.7872807015625 0.48837209374999996 0.7390350875 0.558139534375 0.68201754375 0.5523255812500001 0.6271929828125 0.4912790703125 0.618421053125 0.375 0.5657894734375 0.369186046875 0.5526315796875 0.380813953125 0.561403509375 0.566860465625 0.5087719296875 0.625 0.5087719296875 0.7005813953125 0.5307017546874999 0.7703488375 0.5526315796875 0.9389534890625001 0.5767543859375001 0.9767441859374999 0.625 1 0.7346491234375 0.9941860468750001 0.7916666671875 0.9709302328125 0.8026315796875 0.9505813953125 0.7982456140624999 0.8110465109374999 0.7807017546874999 0.723837209375 0.7982456140624999 0.6424418609375
16 1 0.578488371875 0.9342105265624999 0.578488371875 0.914473684375 0.5813953484375001 0.8771929828125 0.61337209375 0.8728070171875 0.6889534890625 0.8640350874999999 0.7063953484375001 0.91008771875 0.744186046875 0.9561403515625001 0.8052325578125 0.9714912281249999 0.8372093015625 1 0.832485465625 1 0.578488371875
16 1 0.2682617796875 0.9978070171875 0.2674418609375 0.92105263125 0.264534884375 0.9166666671874999 0.27616279062500004 0.92105263125 0.5610465109375 0.9276315796875 0.5697674421875 0.9495614031249999 0.5755813953125 1 0.5755813953125 1 0.2682617796875
16 0.639132553125 0 0.631578946875 0.0901162796875 0.646929825 0.1279069765625 0.8004385968750001 0.191860465625 0.857456140625 0.20348837187500002 0.9057017546875 0.2325581390625 1 0.261879128125 1 0.00957175 0.9013157890624999 0 0.639132553125 0
16 0.721491228125 0.15697674374999998 0.664473684375 0.1453488375 0.6381578953125 0.1279069765625 0.625 0.098837209375 0.5986842109375 0.098837209375 0.5592105265625 0.06395348906250001 0.528508771875 0.0697674421875 0.5109649125 0.052325581249999996 0.4912280703125 0.055232557812500006 0.46271929843750004 0.0697674421875 0.43421052656250003 0.11337209374999999 0.43421052656250003 0.1540697671875 0.4473684203125 0.20058139531250002 0.438596490625 0.28197674375 0.45394736875 0.3197674421875 0.4846491234375 0.3255813953125 0.5504385968750001 0.360465115625 0.6381578953125 0.360465115625 0.7083333328125 0.33139534843749996 0.7631578953125 0.28197674375 0.7587719296875 0.183139534375 0.7521929828125 0.17441860468749998 0.721491228125 0.15697674374999998
16 0.8859649125000001 0.4796511625 0.8903508765625 0.4447674421875 0.8859649125000001 0.334302325 0.81798245625 0.2790697671875 0.771929825 0.2703488375 0.756578946875 0.296511628125 0.7127192984375 0.33139534843749996 0.646929825 0.360465115625 0.6228070171875 0.38662790625 0.618421053125 0.4505813953125 0.6359649125 0.49709302343750006 0.66008771875 0.5290697671875 0.6907894734375 0.5523255812500001 0.7171052625 0.558139534375 0.743421053125 0.546511628125 0.7697368421874999 0.5 0.81798245625 0.4651162796875 0.8706140343750001 0.48837209374999996 0.8859649125000001 0.4796511625
16 0.335526315625 0.290697675 0.2631578953125 0.3110465109375 0.2631578953125 0.5610465109375 0.28728070156249996 0.5872093015625001 0.353070175 0.6162790703125001 0.49342105312499995 0.6162790703125001 0.54605263125 0.5872093015625001 0.55701754375 0.566860465625 0.5482456140624999 0.369186046875 0.5372807015625 0.3546511625 0.449561403125 0.3197674421875 0.4188596484375 0.2732558140625 0.3728070171875 0.264534884375 0.335526315625 0.290697675
16 0.058952526562499996 0 0.057017543749999997 0.0029069765625 0.0526315796875 0.1947674421875 0.061403509375 0.22383720937499998 0.0811403515625 0.25 0.1381578953125 0.290697675 0.19517543906249998 0.308139534375 0.30043859687499996 0.296511628125 0.3618421046875 0.2674418609375 0.3903508765625 0.22383720937499998 0.39912280624999996 0.16569767500000002 0.39912280624999996 0.0494186046875 0.3842105265625 0 0.058952526562499996 0
16 0 0.5978682156249999 0.03508771875 0.5203488375 0.03508771875 0.4912790703125 0.1337719296875 0.44186046562500003 0.1666666671875 0.375 0.17105263125 0.3401162796875 0.17105263125 0.316860465625 0.16008771875 0.30232558125 0.1381578953125 0.296511628125 0.0723684203125 0.25 0.0526315796875 0.2122093015625 0.0482456140625 0.17732558125 0.0307017546875 0.17732558125 0.006578946875 0.19767441875 0 0.1986434125 0 0.5978682156249999
16 0 0.7213577265625 0.1381578953125 0.7267441859375 0.1557017546875 0.744186046875 0.186403509375 0.73837209375 0.1973684203125 0.723837209375 0.2061403515625 0.6773255812500001 0.2061403515625 0.6424418609375 0.1973684203125 0.619186046875 0.1973684203125 0.5959302328125 0.1907894734375 0.5872093015625001 0.0723684203125 0.5755813953125 0.0416666671875 0.5639534890625 0.0263157890625 0.566860465625 0.0087719296875 0.584302325 0 0.6029069765624999 0 0.7213577265625
16 0 0.81763565625 0.085526315625 0.860465115625 0.1776315796875 0.8779069765624999 0.2697368421875 0.8779069765624999 0.3837719296875 0.8546511625000001 0.39912280624999996 0.816860465625 0.39912280624999996 0.6947674421875 0.44298245625000005 0.63662790625 0.41008771875 0.6220930234375001 0.3486842109375 0.6220930234375001 0.28728070156249996 0.59302325625 0.254385965625 0.5436046515624999 0.24780701718749998 0.4709302328125 0.16008771875 0.4651162796875 0.131578946875 0.4505813953125 0.050438596875 0.48837209374999996 0.03508771875 0.5494186046875 0 0.6086152203124999 0 0.81763565625
