16 0.438282 0.860938 0.326563 0.203124
16 0.466406 0.621094 0.323437 0.142188
16 0.513281 0.767969 0.098437 0.064062
16 0.532031 0.527344 0.129688 0.079688
16 0.586718 0.384375 0.151562 0.115624
16 0.689062 0.792969 0.256250 0.157812
16 0.675781 0.981250 0.182813 0.053125
16 0.641406 0.614844 0.035938 0.129688
16 0.674219 0.614844 0.060938 0.132813
16 0.687500 0.389063 0.065624 0.109375
16 0.839062 0.388281 0.237501 0.107812
16 0.792188 0.607031 0.125000 0.114063
16 0.884375 0.801562 0.231250 0.153124
16 0.884375 0.285156 0.181250 0.089062
16 0.935156 0.604688 0.145314 0.093750
16 0.937500 0.548437 0.115624 0.053125
