16 0.774000 0.934500 0.354000 0.213000
16 0.044000 0.265500 0.088000 0.153000
16 0.142000 0.904500 0.284000 0.225000
16 0.187500 0.377000 0.375000 0.120000
16 0.133500 0.801000 0.199000 0.126000
16 0.183000 0.218500 0.198000 0.171000
16 0.291500 0.636000 0.233000 0.106001
16 0.284500 0.501500 0.211000 0.085000
16 0.415500 0.868500 0.259000 0.181001
16 0.434000 0.129500 0.242000 0.233000
16 0.449500 0.347000 0.137000 0.060000
16 0.532500 0.481000 0.269000 0.126000
16 0.495000 0.659000 0.132000 0.064000
16 0.552000 0.276500 0.184000 0.077000
16 0.578000 0.607000 0.174000 0.068000
16 0.592000 0.326000 0.132000 0.068000
16 0.688500 0.086000 0.295000 0.172000
16 0.649000 0.670500 0.168000 0.087000
16 0.884500 0.283500 0.221000 0.091001
