16 0.020500 0.162614 0.041000 0.049035
16 0.258000 0.788053 0.516000 0.205143
16 0.261000 0.791055 0.522000 0.207146
16 0.041000 0.342741 0.078000 0.041029
16 0.064500 0.184629 0.031000 0.033023
16 0.089500 0.347744 0.033000 0.039028
16 0.102000 0.194636 0.024000 0.037026
16 0.229000 0.361254 0.066000 0.050035
16 0.801000 0.274693 1.000000 0.209147
16 0.804000 0.278196 0.998000 0.212149
16 0.804500 0.468328 0.965000 0.164115
16 0.485500 0.619935 0.241000 0.201141
16 0.488000 0.624939 0.246000 0.199140
16 0.813500 0.779547 0.611000 0.148104
16 0.814500 0.787052 0.613000 0.141099
16 0.860500 0.654459 0.365000 0.136096
16 0.864500 0.651457 0.369000 0.142100
16 0.850500 0.527370 0.193000 0.136096
16 0.854500 0.529372 0.193000 0.132092
