19 0.251953 0.231771 0.101562 0.156250
19 0.349609 0.235026 0.085938 0.204427
19 0.464844 0.208984 0.125000 0.214844
19 0.605469 0.229167 0.093750 0.187500
19 0.787109 0.246745 0.117188 0.222656
19 0.261719 0.448568 0.121094 0.220052
19 0.404297 0.461589 0.093750 0.194010
19 0.524414 0.473307 0.119141 0.186198
19 0.650391 0.475911 0.097656 0.186198
19 0.750000 0.495443 0.089844 0.152344
19 0.182617 0.725260 0.107422 0.158854
19 0.362305 0.740885 0.107422 0.169271
19 0.466797 0.719401 0.093750 0.183594
19 0.594727 0.758464 0.107422 0.141927
19 0.703125 0.737630 0.093750 0.183594
19 0.830078 0.735026 0.085938 0.167969
19 0.265625 0.940755 0.101562 0.115885
19 0.365234 0.942057 0.089844 0.113281
19 0.509766 0.910156 0.128906 0.174479
19 0.752930 0.956380 0.083984 0.084635
19 0.671875 0.049479 0.105469 0.098958
19 0.556152 0.042318 0.092773 0.084635
