19 0.328125 0.244141 0.105469 0.175781
19 0.432617 0.241536 0.095703 0.186198
19 0.542969 0.250651 0.109375 0.209635
19 0.647461 0.264974 0.099609 0.180990
19 0.757812 0.302083 0.070312 0.125000
19 0.227539 0.494792 0.099609 0.182292
19 0.331055 0.490234 0.115234 0.199219
19 0.535156 0.514323 0.132812 0.184896
19 0.731445 0.526693 0.115234 0.162760
19 0.125977 0.720703 0.080078 0.154948
19 0.313477 0.736979 0.123047 0.213542
19 0.514648 0.749349 0.111328 0.180990
19 0.668945 0.772135 0.119141 0.169271
19 0.526367 0.910156 0.111328 0.174479
19 0.739258 0.966146 0.107422 0.067708
19 0.202148 0.940755 0.095703 0.115885
19 0.428711 0.050781 0.103516 0.101562
19 0.570312 0.057292 0.132812 0.111979
19 0.681641 0.065104 0.097656 0.130208
19 0.832031 0.091797 0.109375 0.167969
19 0.145508 0.063151 0.076172 0.126302
19 0.313477 0.050781 0.103516 0.101562
19 0.451172 0.942057 0.074219 0.113281
