19 0.810547 0.903742 0.167969 0.192516
19 0.913086 0.739844 0.154297 0.277500
19 0.718750 0.730305 0.152344 0.282703
19 0.564453 0.748516 0.148438 0.267094
19 0.423828 0.700820 0.140625 0.258422
19 0.287109 0.744180 0.144531 0.248016
19 0.122070 0.788406 0.154297 0.270563
19 0.820312 0.528250 0.164062 0.277500
19 0.722656 0.333133 0.156250 0.272297
19 0.883789 0.270695 0.158203 0.265359
19 0.631836 0.530852 0.138672 0.244547
19 0.496094 0.484891 0.140625 0.253219
19 0.330078 0.518711 0.140625 0.241078
19 0.187500 0.555133 0.140625 0.251484
19 0.234375 0.320125 0.144531 0.256687
19 0.080078 0.320992 0.156250 0.261891
19 0.388672 0.291508 0.167969 0.293109
19 0.577148 0.285438 0.142578 0.256687
19 0.782227 0.110266 0.154297 0.218531
19 0.480469 0.109398 0.156250 0.213328
19 0.298828 0.105063 0.156250 0.208125
19 0.132812 0.106797 0.148438 0.211594
19 0.381836 0.903742 0.146484 0.192516
