19 0.227539 0.094401 0.095703 0.183594
19 0.310547 0.104167 0.078125 0.156250
19 0.399414 0.089844 0.087891 0.179688
19 0.511719 0.093099 0.113281 0.180990
19 0.628906 0.100911 0.125000 0.201823
19 0.740234 0.134766 0.097656 0.160156
19 0.187500 0.343099 0.101562 0.175781
19 0.285156 0.335938 0.113281 0.203125
19 0.412109 0.333984 0.093750 0.204427
19 0.519531 0.337891 0.109375 0.212240
19 0.628906 0.351562 0.109375 0.197917
19 0.750977 0.360026 0.111328 0.209635
19 0.256836 0.595703 0.095703 0.165365
19 0.349609 0.608073 0.082031 0.164062
19 0.501953 0.604818 0.105469 0.188802
19 0.695312 0.610677 0.113281 0.195312
19 0.821289 0.637370 0.095703 0.144531
19 0.444336 0.846354 0.099609 0.192708
19 0.633789 0.858073 0.130859 0.210937
19 0.741211 0.850911 0.091797 0.165365
19 0.827148 0.836589 0.087891 0.173177
