19 0.502930 0.108073 0.130859 0.210937
19 0.389648 0.151693 0.107422 0.194010
19 0.280273 0.156901 0.103516 0.173177
19 0.611328 0.184245 0.117188 0.144531
19 0.765625 0.208984 0.085938 0.141927
19 0.107422 0.392578 0.074219 0.165365
19 0.186523 0.396484 0.083984 0.157552
19 0.316406 0.384766 0.097656 0.191406
19 0.419922 0.402344 0.101562 0.169271
19 0.554688 0.389974 0.117188 0.201823
19 0.684570 0.408203 0.095703 0.180990
19 0.781250 0.429036 0.093750 0.154948
19 0.222656 0.637370 0.121094 0.212240
19 0.382812 0.672526 0.117188 0.167969
19 0.541992 0.666667 0.107422 0.187500
19 0.708984 0.672526 0.164062 0.173177
19 0.233398 0.879557 0.091797 0.165365
19 0.338867 0.889974 0.111328 0.201823
19 0.443359 0.905599 0.097656 0.180990
19 0.550781 0.903646 0.105469 0.187500
19 0.654297 0.899089 0.093750 0.199219
19 0.828125 0.884766 0.105469 0.165365
