19 0.318359 0.248047 0.105469 0.194010
19 0.434570 0.262370 0.123047 0.186198
19 0.554688 0.257161 0.101562 0.196615
19 0.683594 0.281901 0.109375 0.178385
19 0.808594 0.306641 0.082031 0.149740
19 0.244141 0.512370 0.097656 0.170573
19 0.355469 0.508464 0.093750 0.199219
19 0.475586 0.514974 0.115234 0.207031
19 0.621094 0.507161 0.140625 0.238281
19 0.257812 0.057292 0.101562 0.114583
19 0.364258 0.052734 0.103516 0.105469
19 0.740234 0.073568 0.097656 0.147135
19 0.627930 0.776042 0.095703 0.161458
19 0.330078 0.770182 0.109375 0.149740
19 0.234375 0.939453 0.085938 0.118490
19 0.209100 0.264974 0.105238 0.160156
19 0.620117 0.061849 0.099609 0.123698
