19 0.456055 0.883464 0.115234 0.199219
19 0.625977 0.880859 0.111328 0.173177
19 0.731445 0.871745 0.091797 0.165365
19 0.280273 0.600911 0.111328 0.207031
19 0.427734 0.628906 0.113281 0.164062
19 0.541992 0.638021 0.083984 0.171875
19 0.787109 0.629557 0.109375 0.222656
19 0.670898 0.620443 0.111328 0.204427
19 0.160156 0.365885 0.085938 0.169271
19 0.280273 0.347005 0.115234 0.209635
19 0.459961 0.371745 0.123047 0.227865
19 0.583008 0.378906 0.107422 0.174479
19 0.688477 0.378255 0.107422 0.188802
19 0.175781 0.145182 0.085938 0.139323
19 0.275391 0.110677 0.109375 0.190104
19 0.379883 0.125000 0.091797 0.161458
19 0.580078 0.132161 0.109375 0.170573
19 0.693359 0.160156 0.109375 0.143229
