19 0.122070 0.837891 0.083984 0.173177
19 0.217773 0.843750 0.103516 0.166667
19 0.366211 0.863932 0.119141 0.194010
19 0.482422 0.841146 0.097656 0.156250
19 0.584961 0.832682 0.103516 0.157552
19 0.680664 0.832682 0.087891 0.178385
19 0.777344 0.805339 0.082031 0.154948
19 0.230469 0.645833 0.093750 0.229167
19 0.337891 0.607422 0.089844 0.165365
19 0.499023 0.599609 0.119141 0.154948
19 0.610352 0.597005 0.099609 0.175781
19 0.712891 0.598307 0.097656 0.188802
19 0.859375 0.565755 0.078125 0.160156
19 0.821289 0.496745 0.095703 0.204427
19 0.777344 0.354167 0.097656 0.192708
19 0.658203 0.354167 0.125000 0.203125
19 0.471680 0.352865 0.115234 0.221354
19 0.245117 0.377604 0.119141 0.203125
19 0.111328 0.386068 0.082031 0.160156
19 0.138672 0.154948 0.085938 0.179688
19 0.226562 0.126953 0.101562 0.214844
19 0.333008 0.113932 0.107422 0.162760
19 0.549805 0.101563 0.138672 0.197917
19 0.666992 0.104818 0.099609 0.201823
