19 0.132812 0.843750 0.085938 0.151042
19 0.317383 0.868490 0.107422 0.179688
19 0.202148 0.627604 0.087891 0.166667
19 0.293945 0.620443 0.091797 0.160156
19 0.421875 0.873047 0.113281 0.186198
19 0.530273 0.861328 0.107422 0.173177
19 0.660156 0.826172 0.093750 0.134115
19 0.785156 0.815755 0.085938 0.160156
19 0.481445 0.619141 0.115234 0.178385
19 0.599609 0.607422 0.097656 0.170573
19 0.699219 0.607422 0.089844 0.191406
19 0.238281 0.380859 0.125000 0.212240
19 0.495117 0.359375 0.126953 0.197917
19 0.669922 0.346354 0.136719 0.208333
19 0.206055 0.135417 0.076172 0.161458
19 0.300781 0.125651 0.109375 0.207031
19 0.432617 0.108724 0.111328 0.183594
