19 0.220703 0.123047 0.101562 0.167969
19 0.342773 0.132812 0.091797 0.130208
19 0.449219 0.103516 0.121094 0.201823
19 0.551758 0.119792 0.095703 0.166667
19 0.657227 0.149089 0.103516 0.261719
19 0.109375 0.367839 0.097656 0.209635
19 0.258789 0.357422 0.111328 0.167969
19 0.503906 0.364583 0.113281 0.182292
19 0.618164 0.357422 0.107422 0.214844
19 0.758789 0.375000 0.099609 0.197917
19 0.257812 0.607422 0.109375 0.173177
19 0.399414 0.620443 0.119141 0.178385
19 0.540039 0.626953 0.107422 0.175781
19 0.672852 0.623698 0.115234 0.184896
19 0.635742 0.872396 0.123047 0.182292
19 0.314453 0.848307 0.117188 0.175781
19 0.190430 0.842448 0.103516 0.190104
