19 0.874023 0.703776 0.087891 0.175781
19 0.761719 0.682292 0.093750 0.125000
19 0.626953 0.698568 0.148438 0.238281
19 0.724609 0.925781 0.101562 0.148438
19 0.560547 0.910807 0.113281 0.178385
19 0.419922 0.921224 0.109375 0.157552
19 0.193359 0.891276 0.085938 0.191406
19 0.366211 0.687500 0.111328 0.177083
19 0.280273 0.432292 0.107422 0.166667
19 0.384766 0.421224 0.097656 0.152344
19 0.498047 0.438151 0.128906 0.227865
19 0.628906 0.430339 0.105469 0.212240
19 0.733398 0.480469 0.087891 0.231771
19 0.890625 0.465495 0.078125 0.157552
19 0.707031 0.198568 0.113281 0.180990
19 0.496094 0.166667 0.105469 0.156250
19 0.371094 0.174479 0.101562 0.177083
19 0.888672 0.052734 0.074219 0.102865
19 0.787109 0.044922 0.074219 0.087240
19 0.676758 0.024089 0.072266 0.045573
19 0.320312 0.900391 0.097656 0.136719
