19 0.145508 0.777995 0.083984 0.188802
19 0.339844 0.783203 0.117188 0.178385
19 0.538086 0.768880 0.134766 0.165365
19 0.672852 0.761068 0.107422 0.175781
19 0.773438 0.733724 0.097656 0.152344
19 0.218750 0.537109 0.105469 0.186198
19 0.325195 0.527995 0.107422 0.188802
19 0.459961 0.527995 0.119141 0.204427
19 0.575195 0.529297 0.107422 0.217448
19 0.168945 0.289714 0.095703 0.149740
19 0.324219 0.259766 0.097656 0.152344
19 0.507812 0.244141 0.097656 0.141927
19 0.656250 0.258464 0.105469 0.180990
19 0.817383 0.265625 0.119141 0.187500
19 0.107422 0.092448 0.085938 0.179688
19 0.198242 0.074870 0.099609 0.147135
19 0.344727 0.061849 0.107422 0.121094
19 0.560547 0.044271 0.089844 0.088542
19 0.663086 0.051432 0.083984 0.100260
19 0.754883 0.045573 0.076172 0.091146
19 0.459473 0.044271 0.073242 0.088542
19 0.640625 0.953776 0.109375 0.092448
19 0.433594 0.960286 0.113281 0.079427
19 0.324219 0.957031 0.101562 0.085938
