19 0.327148 0.131342 0.244141 0.262685
19 0.169922 0.364677 0.187500 0.330190
19 0.124023 0.750632 0.248047 0.427046
19 0.341797 0.426312 0.246094 0.447591
19 0.440430 0.658179 0.275391 0.388891
19 0.291992 0.900319 0.173828 0.192244
19 0.556641 0.909857 0.355469 0.176101
19 0.787109 0.892981 0.238281 0.206919
19 0.764648 0.564992 0.302734 0.431449
19 0.566406 0.267821 0.226562 0.371281
19 0.899414 0.361742 0.181641 0.318450
19 0.902344 0.118135 0.195313 0.236269
19 0.619141 0.693399 0.148437 0.289100
