19 0.785156 0.733724 0.109375 0.204427
19 0.653320 0.714844 0.119141 0.164062
19 0.660156 0.936849 0.113281 0.126302
19 0.778320 0.934245 0.119141 0.131510
19 0.356445 0.927083 0.115234 0.143229
19 0.474609 0.710938 0.109375 0.177083
19 0.360352 0.693359 0.095703 0.160156
19 0.177734 0.668620 0.089844 0.152344
19 0.235352 0.439453 0.142578 0.188802
19 0.409180 0.452474 0.107422 0.204427
19 0.571289 0.458984 0.107422 0.201823
19 0.709961 0.470703 0.107422 0.188802
19 0.808594 0.241536 0.105469 0.188802
19 0.664062 0.212891 0.128906 0.240885
19 0.486328 0.207682 0.105469 0.188802
19 0.327148 0.189453 0.103516 0.225260
