19 0.161133 0.845703 0.095703 0.167969
19 0.307617 0.865234 0.107422 0.186198
19 0.405273 0.852865 0.091797 0.158854
19 0.501953 0.866536 0.105469 0.188802
19 0.632812 0.845703 0.113281 0.173177
19 0.730469 0.822266 0.089844 0.157552
19 0.176758 0.629557 0.103516 0.194010
19 0.297852 0.635417 0.099609 0.171875
19 0.413086 0.629557 0.119141 0.194010
19 0.517578 0.606120 0.109375 0.167969
19 0.622070 0.589193 0.095703 0.196615
19 0.721680 0.603516 0.103516 0.194010
19 0.815430 0.577474 0.072266 0.162760
19 0.786133 0.343099 0.095703 0.157552
19 0.639648 0.347656 0.115234 0.174479
19 0.506836 0.356120 0.134766 0.183594
19 0.351562 0.392578 0.089844 0.225260
19 0.253906 0.378255 0.101562 0.180990
19 0.147461 0.380859 0.083984 0.144531
19 0.252930 0.139974 0.103516 0.167969
19 0.408203 0.113281 0.144531 0.221354
19 0.572266 0.100911 0.109375 0.194010
19 0.671875 0.102214 0.085938 0.160156
19 0.803711 0.124349 0.091797 0.167969
19 0.782227 0.965495 0.099609 0.069010
