19 0.825195 0.835286 0.072266 0.136719
19 0.542969 0.875651 0.117188 0.207031
19 0.436523 0.853516 0.095703 0.173177
19 0.343750 0.840495 0.085938 0.162760
19 0.239258 0.839193 0.107422 0.201823
19 0.793945 0.620443 0.095703 0.170573
19 0.687500 0.623047 0.113281 0.191406
19 0.570312 0.628255 0.117188 0.212240
19 0.450195 0.617839 0.115234 0.222656
19 0.289062 0.611328 0.125000 0.214844
19 0.800781 0.384766 0.109375 0.199219
19 0.635742 0.365885 0.126953 0.205729
19 0.386719 0.337891 0.121094 0.183594
19 0.257812 0.341797 0.089844 0.154948
19 0.166992 0.347005 0.095703 0.165365
19 0.883789 0.171224 0.091797 0.188802
19 0.774414 0.136719 0.119141 0.195312
19 0.623047 0.103516 0.144531 0.167969
19 0.456055 0.093750 0.103516 0.182292
19 0.341797 0.093750 0.093750 0.151042
