19 0.812500 0.066406 0.078125 0.132812
19 0.708984 0.057943 0.117188 0.115885
19 0.578125 0.058594 0.128906 0.117188
19 0.463867 0.061849 0.107422 0.123698
19 0.355469 0.069661 0.105469 0.139323
19 0.251953 0.078776 0.097656 0.157552
19 0.857422 0.267578 0.093750 0.186198
19 0.710938 0.259766 0.105469 0.186198
19 0.586914 0.257161 0.103516 0.196615
19 0.492188 0.283203 0.078125 0.149740
19 0.396484 0.301432 0.109375 0.144531
19 0.286133 0.281901 0.107422 0.194010
19 0.816406 0.514974 0.093750 0.186198
19 0.695312 0.520182 0.093750 0.175781
19 0.544922 0.511719 0.117188 0.205729
19 0.430664 0.537109 0.099609 0.173177
19 0.331055 0.525391 0.091797 0.201823
19 0.239258 0.546224 0.095703 0.160156
19 0.806641 0.776693 0.085938 0.131510
19 0.704102 0.783203 0.103516 0.149740
19 0.582031 0.776693 0.125000 0.199219
19 0.460938 0.804036 0.113281 0.248698
19 0.358398 0.798828 0.095703 0.154948
19 0.255859 0.798828 0.089844 0.165365
