19 0.170898 0.085286 0.083984 0.165365
19 0.260742 0.076172 0.091797 0.152344
19 0.360352 0.074219 0.103516 0.148438
19 0.465820 0.073568 0.087891 0.147135
19 0.571289 0.077474 0.111328 0.154948
19 0.697266 0.111328 0.105469 0.128906
19 0.147461 0.296875 0.115234 0.177083
19 0.250977 0.298177 0.091797 0.174479
19 0.421875 0.296224 0.109375 0.212240
19 0.559570 0.300130 0.119141 0.199219
19 0.680664 0.321615 0.099609 0.174479
19 0.193359 0.517578 0.093750 0.191406
19 0.335938 0.529948 0.101562 0.195312
19 0.497070 0.539714 0.107422 0.194010
19 0.654297 0.546224 0.125000 0.212240
19 0.796875 0.550781 0.113281 0.200521
19 0.296875 0.810547 0.101562 0.173177
19 0.409180 0.820312 0.119141 0.182292
19 0.525391 0.833984 0.097656 0.261719
19 0.634766 0.810547 0.113281 0.199219
