20 0.115000 0.824048 0.158000 0.142008
20 0.008000 0.236514 0.016000 0.041002
20 0.015500 0.154509 0.031000 0.061004
20 0.016500 0.058503 0.033000 0.053003
20 0.018500 0.514531 0.037000 0.067004
20 0.021500 0.899053 0.043000 0.094006
20 0.031500 0.729043 0.063000 0.082004
20 0.040000 0.413024 0.080000 0.074004
20 0.050000 0.613036 0.096000 0.068004
20 0.062500 0.305518 0.117000 0.063003
20 0.063500 0.019001 0.065000 0.038002
20 0.084000 0.216013 0.098000 0.062004
20 0.109500 0.108506 0.105000 0.063004
20 0.115500 0.491029 0.105000 0.074004
20 0.120500 0.966057 0.103000 0.082005
20 0.179500 0.398523 0.113000 0.069004
20 0.190500 0.580034 0.127000 0.092005
20 0.182500 0.700041 0.107000 0.078004
20 0.181000 0.032502 0.100000 0.051003
20 0.199500 0.307518 0.113000 0.059003
20 0.244500 0.214013 0.109000 0.066004
20 0.246500 0.869051 0.113000 0.068004
20 0.246000 0.124007 0.102000 0.062004
20 0.316500 0.983058 0.105000 0.090005
20 0.310000 0.032502 0.076000 0.051003
20 0.330000 0.504030 0.094000 0.072004
20 0.335000 0.773545 0.088000 0.061004
20 0.350500 0.628037 0.103000 0.082004
20 0.356500 0.391523 0.099000 0.063003
20 0.363500 0.297017 0.109000 0.068004
20 0.378000 0.191511 0.104000 0.065004
20 0.405500 0.110007 0.127000 0.082004
20 0.435500 0.871051 0.101000 0.072005
20 0.435500 0.033502 0.071000 0.061003
20 0.460000 0.704041 0.088000 0.066004
20 0.491500 0.985058 0.115000 0.094006
20 0.495500 0.282517 0.123000 0.059003
20 0.493000 0.475528 0.100000 0.093005
20 0.502000 0.374022 0.114000 0.074004
20 0.509000 0.586034 0.092000 0.060004
20 0.522500 0.179511 0.111000 0.057004
20 0.539000 0.087005 0.102000 0.070005
20 0.556000 0.016001 0.076000 0.032002
20 0.579000 0.791046 0.104000 0.080005
20 0.598500 0.914054 0.127000 0.096005
20 0.614500 0.682540 0.115000 0.071004
20 0.629500 0.236514 0.127000 0.069003
20 0.624000 0.447527 0.096000 0.053003
20 0.626000 0.328019 0.096000 0.076005
20 0.638500 0.556533 0.109000 0.069003
20 0.652500 0.152509 0.129000 0.073004
20 0.666000 0.057504 0.090000 0.043002
20 0.718000 0.795047 0.096000 0.088005
20 0.724500 0.897053 0.101000 0.070005
20 0.741000 0.384522 0.108000 0.057004
20 0.768500 0.298017 0.127000 0.066004
20 0.771500 0.489029 0.133000 0.082004
20 0.752000 0.674039 0.090000 0.072004
20 0.761500 0.104506 0.109000 0.051003
20 0.771500 0.195011 0.129000 0.076005
20 0.775000 0.034502 0.078000 0.055004
20 0.840500 0.964057 0.107000 0.074003
20 0.854500 0.843549 0.099000 0.103006
20 0.861000 0.595035 0.090000 0.074004
20 0.878500 0.345021 0.113000 0.086005
20 0.885500 0.257015 0.123000 0.070004
20 0.856500 0.008500 0.053000 0.017001
20 0.874000 0.080004 0.084000 0.060004
20 0.883000 0.721542 0.094000 0.113007
20 0.896500 0.175010 0.117000 0.058003
20 0.916500 0.462027 0.127000 0.070004
20 0.955000 0.917054 0.094000 0.090005
20 0.979500 0.043002 0.111000 0.056003
20 0.997500 0.547032 0.121000 0.080005
