21 0.092188 0.886719 0.146875 0.148437
21 0.125000 0.680469 0.137501 0.139062
21 0.187500 0.452344 0.137499 0.135938
21 0.210156 0.274219 0.114062 0.132813
21 0.250782 0.094531 0.126562 0.123438
21 0.380469 0.664063 0.139062 0.131250
21 0.396875 0.867188 0.156250 0.156250
21 0.408594 0.244531 0.151562 0.126562
21 0.410156 0.438281 0.142187 0.132813
21 0.453906 0.084375 0.129688 0.121875
21 0.646094 0.892188 0.160938 0.150001
21 0.667969 0.657031 0.148437 0.142187
21 0.665625 0.094531 0.137499 0.126563
21 0.665625 0.432031 0.137499 0.139063
21 0.670313 0.243750 0.125000 0.124999
21 0.905469 0.438281 0.139062 0.132813
21 0.904687 0.078906 0.125000 0.129687
21 0.914844 0.664843 0.145314 0.145313
21 0.919531 0.879688 0.154688 0.168750
21 0.914844 0.248437 0.142187 0.134374
