21 0.071000 0.712000 0.142000 0.190000
21 0.118500 0.525500 0.237000 0.107000
21 0.158500 0.333000 0.317000 0.124001
21 0.251000 0.211000 0.248000 0.124000
21 0.344500 0.122500 0.203000 0.103000
21 0.395000 0.708500 0.300000 0.159000
21 0.423000 0.544500 0.190000 0.099000
21 0.532500 0.346000 0.269000 0.132000
21 0.589500 0.220000 0.221000 0.112000
21 0.624000 0.126500 0.192000 0.099000
21 0.819500 0.717500 0.273000 0.161000
21 0.793000 0.545500 0.178000 0.081000
21 0.913500 0.237000 0.213000 0.121999
21 0.907500 0.141000 0.167000 0.078000
21 0.986000 0.365000 0.288000 0.122000
