21 0.310000 0.839000 0.196000 0.180000
21 0.317500 0.176500 0.191000 0.173000
21 0.320500 0.367500 0.175000 0.183000
21 0.327000 0.620000 0.188000 0.188000
21 0.483500 0.702500 0.209000 0.151000
21 0.482000 0.457000 0.176000 0.190000
21 0.559000 0.156000 0.182000 0.186000
21 0.616000 0.832500 0.164000 0.208999
21 0.638000 0.324000 0.170000 0.187999
21 0.652000 0.574000 0.186000 0.188000
21 0.813500 0.164000 0.191000 0.182000
21 0.847500 0.594000 0.197000 0.181999
21 0.842000 0.850000 0.182000 0.182000
21 0.855000 0.348000 0.178000 0.181999
