21 0.101500 0.603000 0.203000 0.073999
21 0.252500 0.714500 0.505000 0.223000
21 0.212000 0.580000 0.240000 0.062000
21 0.394500 0.611000 0.329000 0.090000
21 0.740000 0.893000 0.936000 0.424000
21 0.477500 0.573000 0.205000 0.048000
21 0.695000 0.644000 0.430000 0.082000
21 0.674500 0.590500 0.281000 0.049000
21 0.669500 0.552500 0.205000 0.035000
21 0.822500 0.546500 0.151000 0.029000
21 0.874000 0.588000 0.238000 0.054000
21 0.957500 0.636000 0.277000 0.066000
21 0.935000 0.541500 0.124000 0.027000
