21 0.121250 0.571250 0.242499 0.260000
21 0.146250 0.225000 0.292499 0.252499
21 0.259374 0.905000 0.396250 0.312500
21 0.315000 0.401250 0.287501 0.270000
21 0.390626 0.657500 0.316250 0.250000
21 0.366250 0.138125 0.227499 0.206250
21 0.628125 0.348125 0.303750 0.218750
21 0.597501 0.139375 0.240000 0.218750
21 0.593126 0.554375 0.218750 0.188750
21 0.642500 0.751250 0.232501 0.232500
21 0.801250 0.143750 0.200000 0.240000
21 0.867500 0.632500 0.305000 0.250000
21 0.942500 0.852500 0.282501 0.272500
21 0.944375 0.375625 0.241250 0.231250
