21 0.024000 0.385600 0.048000 0.099200
21 0.046400 0.632000 0.092800 0.112000
21 0.064000 0.883200 0.121600 0.115200
21 0.102400 0.494400 0.121600 0.092801
21 0.136000 0.761600 0.112000 0.115200
21 0.134400 0.345600 0.102400 0.115200
21 0.166400 0.592000 0.102400 0.102400
21 0.180800 0.902400 0.124800 0.096000
21 0.240000 0.694400 0.102400 0.121600
21 0.246400 0.492800 0.115200 0.096000
21 0.264000 0.076800 0.080000 0.089599
21 0.270400 0.841600 0.092800 0.115200
21 0.398400 0.043200 0.099200 0.086400
21 0.472000 0.096000 0.112000 0.089599
21 0.617600 0.097600 0.102400 0.099200
21 0.904000 0.484800 0.118400 0.105600
