21 0.131000 0.603500 0.112000 0.075000
21 0.154000 0.233500 0.112000 0.087000
21 0.153000 0.736500 0.052000 0.046999
21 0.171500 0.345000 0.085000 0.061999
21 0.379000 0.634000 0.070000 0.062000
21 0.447500 0.276500 0.095000 0.083000
21 0.449500 0.741000 0.071000 0.052001
21 0.454500 0.739000 0.081000 0.052000
21 0.465000 0.028000 0.076000 0.052000
21 0.483500 0.380000 0.055000 0.042000
21 0.699500 0.014500 0.083000 0.029000
21 0.718000 0.387500 0.082000 0.073000
21 0.719000 0.078500 0.056000 0.049000
21 0.722000 0.735500 0.058000 0.045000
21 0.918500 0.591000 0.049000 0.046001
21 0.918500 0.022500 0.045000 0.045000
21 0.967500 0.705500 0.035000 0.035000
