21 0.100782 0.581250 0.173438 0.184375
21 0.107813 0.353906 0.171875 0.164063
21 0.110157 0.820313 0.167187 0.193750
21 0.121094 0.122656 0.167187 0.157812
21 0.353906 0.310937 0.189062 0.156250
21 0.350000 0.119531 0.153126 0.151561
21 0.375782 0.780469 0.192187 0.192187
21 0.369531 0.557812 0.173437 0.181250
21 0.611719 0.560938 0.179688 0.178125
21 0.605469 0.121094 0.164064 0.164063
21 0.609375 0.315625 0.165624 0.153125
21 0.647657 0.813281 0.185938 0.214062
21 0.829688 0.328906 0.178125 0.185937
21 0.864844 0.114844 0.179688 0.164063
21 0.864844 0.807031 0.173438 0.201563
21 0.874218 0.563281 0.185938 0.195312
