21 0.026500 0.494630 0.041000 0.039010
21 0.093000 0.471123 0.088000 0.074020
21 0.084500 0.892233 0.027000 0.044013
21 0.146500 0.877229 0.081000 0.066017
21 0.152500 0.356093 0.019000 0.054014
21 0.161500 0.302580 0.033000 0.045012
21 0.170500 0.445617 0.029000 0.059016
21 0.178500 0.507633 0.017000 0.043011
21 0.223500 0.563647 0.041000 0.049013
21 0.222500 0.898735 0.023000 0.039010
21 0.237000 0.863726 0.026000 0.035008
21 0.311500 0.548644 0.097000 0.085023
21 0.428500 0.460120 0.059000 0.056015
21 0.466500 0.984757 0.049000 0.051014
21 0.487500 0.472123 0.025000 0.048013
21 0.501500 0.399105 0.025000 0.050013
21 0.512000 0.545643 0.024000 0.033009
21 0.518000 0.969753 0.024000 0.041011
21 0.635500 0.400105 0.025000 0.048013
21 0.649500 0.871728 0.021000 0.047013
21 0.661500 0.367096 0.039000 0.064016
21 0.661000 0.844721 0.026000 0.035010
21 0.663500 0.515635 0.027000 0.051014
21 0.666500 0.451618 0.029000 0.051014
21 0.689000 0.316583 0.050000 0.045012
21 0.714500 0.571150 0.039000 0.048012
21 0.810500 0.557646 0.095000 0.083022
21 0.866000 0.998261 0.046000 0.046011
21 0.912000 0.472123 0.052000 0.052013
21 0.918500 0.993760 0.031000 0.037009
21 0.955500 0.479625 0.027000 0.041011
21 0.968000 0.837719 0.014000 0.037009
