21 0.098000 0.736000 0.196000 0.148000
21 0.246000 0.626000 0.316000 0.184000
21 0.341000 0.493000 0.282000 0.134000
21 0.346000 0.395000 0.124000 0.058000
21 0.482000 0.348000 0.212000 0.088001
21 0.473000 0.398000 0.158000 0.076000
21 0.591000 0.849000 0.394000 0.205999
21 0.471000 0.290000 0.130000 0.048000
21 0.575000 0.647000 0.330000 0.186000
21 0.495000 0.257000 0.122000 0.058000
21 0.507000 0.432000 0.126000 0.072000
21 0.560000 0.505000 0.232000 0.126000
21 0.618000 0.270000 0.128000 0.064001
21 0.691000 0.526000 0.174000 0.156000
21 0.735000 0.732000 0.222000 0.108000
21 0.893000 0.629000 0.330000 0.178000
21 0.835000 0.477000 0.162000 0.106001
21 0.838000 0.352000 0.136000 0.072000
21 0.871000 0.393000 0.166000 0.058001
21 0.914000 0.831000 0.252000 0.181999
21 0.887000 0.276000 0.126000 0.072000
21 0.939000 0.319000 0.122000 0.058000
21 0.953000 0.441000 0.094000 0.058001
21 0.966000 0.398000 0.092000 0.088000
