21 0.044271 0.688878 0.088542 0.133398
21 0.048438 0.897313 0.096875 0.220941
21 0.050521 0.227194 0.101042 0.150073
21 0.069792 0.792574 0.139584 0.142778
21 0.084375 0.406969 0.168750 0.196972
21 0.140625 0.061488 0.281250 0.122976
21 0.039062 0.561732 0.065626 0.100049
21 0.384896 0.236053 0.567709 0.230321
21 0.539062 0.993193 0.871875 0.145904
21 0.446874 0.474711 0.675000 0.361635
21 0.576563 0.833219 0.923958 0.336623
21 0.469791 0.651880 0.677083 0.257417
21 0.576042 0.117245 0.691667 0.234490
21 0.981250 0.093275 0.393750 0.186550
