21 0.057000 0.503060 0.114000 0.305340
21 0.076500 0.140156 0.153000 0.280312
21 0.094000 0.812404 0.188000 0.343383
21 0.172000 0.982093 0.344000 0.168188
21 0.206500 0.329366 0.377000 0.324361
21 0.314500 0.639212 0.355000 0.361402
21 0.328500 0.102114 0.367000 0.204228
21 0.476500 0.897999 0.379000 0.336374
21 0.548000 0.287320 0.322000 0.306340
21 0.658500 0.564128 0.355000 0.387431
21 0.725500 0.082592 0.341000 0.165184
21 0.854500 0.910013 0.385000 0.312348
21 0.893500 0.289322 0.361000 0.334371
21 0.979500 0.640212 0.353000 0.367409
