21 0.098889 0.987778 0.131112 0.068890
21 0.215556 0.295555 0.066667 0.075555
21 0.320000 0.097778 0.066666 0.080000
21 0.372222 0.281111 0.068890 0.068888
21 0.368889 0.191111 0.057778 0.066667
21 0.393334 0.986667 0.102222 0.124445
21 0.445556 0.084445 0.042222 0.075555
21 0.511111 0.184445 0.062222 0.075555
21 0.532222 0.263333 0.068890 0.055555
21 0.588889 0.081110 0.057778 0.060000
21 0.634445 0.157778 0.064445 0.062222
21 0.668889 0.252222 0.062222 0.055555
21 0.912222 0.827778 0.242222 0.180000
