21 0.058000 0.124138 0.116000 0.108120
21 0.119500 0.374417 0.239000 0.224249
21 0.174000 0.189711 0.262000 0.179199
21 0.213500 0.049054 0.215000 0.098109
21 0.399500 0.516074 0.291000 0.207230
21 0.379000 0.112125 0.242000 0.166185
21 0.493500 0.335874 0.283000 0.211235
21 0.537500 0.034038 0.207000 0.068076
21 0.567000 0.181202 0.234000 0.166186
21 0.694500 0.714295 0.315000 0.221246
21 0.731500 0.482037 0.271000 0.209233
21 0.717000 0.086096 0.214000 0.172192
21 0.834000 0.310846 0.254000 0.179200
21 0.898500 0.182704 0.261000 0.159177
21 0.899000 0.612682 0.262000 0.214238
