21 0.028000 0.424500 0.056000 0.085001
21 0.071500 0.333500 0.143000 0.093000
21 0.116000 0.508000 0.232000 0.104000
21 0.160500 0.388500 0.205000 0.087000
21 0.184500 0.281000 0.157000 0.052000
21 0.273000 0.311000 0.166000 0.052000
21 0.345500 0.443000 0.231000 0.098000
21 0.399000 0.354000 0.182000 0.079999
21 0.487000 0.219500 0.166000 0.045000
21 0.447000 0.273500 0.064000 0.021000
21 0.483000 0.239500 0.128000 0.035000
21 0.549000 0.395500 0.192000 0.081000
21 0.528500 0.300000 0.115000 0.049999
21 0.574000 0.269000 0.140000 0.058000
21 0.684000 0.571000 0.230000 0.124000
21 0.659500 0.329000 0.139000 0.050000
21 0.690500 0.297000 0.175000 0.064001
21 0.797000 0.872500 0.330000 0.203000
21 0.818500 0.707000 0.333000 0.126000
21 0.823000 0.661500 0.308000 0.217001
21 0.785000 0.501500 0.122000 0.101000
21 0.943000 0.456500 0.322000 0.139000
