21 0.060500 0.191000 0.121000 0.108000
21 0.068000 0.795000 0.136000 0.382001
21 0.088500 0.153000 0.177000 0.064001
21 0.124500 0.523000 0.249000 0.136000
21 0.141000 0.255000 0.282000 0.054000
21 0.157000 0.596500 0.314000 0.135000
21 0.034500 0.424000 0.067000 0.066000
21 0.054000 0.330500 0.106000 0.097000
21 0.204000 0.433000 0.334000 0.186000
21 0.204500 0.315000 0.217000 0.054000
21 0.158500 0.207500 0.087000 0.041000
21 0.253500 0.155000 0.119000 0.056000
21 0.267000 0.205000 0.146000 0.054000
21 0.239000 0.109500 0.042000 0.027000
21 0.305000 0.306500 0.108000 0.099000
21 0.490500 0.696500 0.403000 0.331000
21 0.428000 0.376500 0.192000 0.211001
21 0.529500 0.508500 0.117000 0.079001
21 0.553500 0.270000 0.109000 0.121999
21 0.603500 0.342000 0.147000 0.132000
21 0.693000 0.649500 0.312000 0.343001
21 0.598500 0.266000 0.037000 0.052000
21 0.656000 0.392500 0.152000 0.163000
21 0.615000 0.077500 0.068000 0.031000
21 0.659000 0.263500 0.126000 0.095000
21 0.673500 0.223000 0.131000 0.076000
21 0.674000 0.084500 0.086000 0.041000
21 0.685500 0.065500 0.081000 0.033000
21 0.717500 0.815500 0.131000 0.109000
21 0.754000 0.427500 0.168000 0.157001
21 0.721000 0.117500 0.062000 0.025000
21 0.762000 0.114500 0.126000 0.043000
21 0.798500 0.302000 0.173000 0.124000
21 0.788500 0.099000 0.105000 0.049999
21 0.790500 0.523000 0.107000 0.108000
21 0.807000 0.168500 0.126000 0.097000
21 0.901500 0.557000 0.215000 0.142000
21 0.859500 0.148500 0.095000 0.037001
21 0.859500 0.444500 0.077000 0.107000
21 0.914500 0.186000 0.151000 0.061999
21 0.950500 0.452500 0.201000 0.137000
21 0.895000 0.105500 0.074000 0.029000
21 0.906500 0.098500 0.093000 0.037000
21 0.964000 0.654000 0.166000 0.079999
21 0.907500 0.123500 0.049000 0.037000
21 0.932500 0.298000 0.095000 0.062000
21 0.975000 0.373000 0.176000 0.102000
