21 0.025500 0.085500 0.051000 0.049001
21 0.069000 0.147500 0.138000 0.087000
21 0.149500 0.472000 0.299000 0.194000
21 0.123500 0.214500 0.211000 0.093000
21 0.193500 0.067000 0.161000 0.074000
21 0.313500 0.692000 0.393000 0.270000
21 0.285500 0.121500 0.171000 0.081000
21 0.393000 0.049000 0.146000 0.064000
21 0.425000 0.174000 0.186000 0.070001
21 0.527500 0.372500 0.271000 0.153000
21 0.640500 0.977500 0.469000 0.399000
21 0.499500 0.089500 0.145000 0.071000
21 0.615000 0.145000 0.162000 0.066000
21 0.722500 0.542500 0.339000 0.211000
21 0.764500 0.307500 0.221000 0.112999
21 0.983000 0.707000 0.380000 0.258000
21 0.934500 0.238500 0.213000 0.094999
21 0.986000 0.422500 0.246000 0.149000
