24 0.041000 0.758500 0.082000 0.111000
24 0.061500 0.869000 0.123000 0.122000
24 0.067000 0.977500 0.134000 0.161000
24 0.079000 0.113500 0.146000 0.087000
24 0.400000 0.949000 0.458000 0.424000
24 0.303000 0.364500 0.170000 0.147000
24 0.460500 0.100500 0.335000 0.088999
24 0.414500 0.625000 0.215000 0.098000
24 0.458000 0.708000 0.194000 0.180000
24 0.481000 0.338500 0.194000 0.157000
24 0.681000 0.611500 0.306000 0.199000
24 0.651500 0.323500 0.205000 0.139000
24 0.715500 0.709000 0.321000 0.240000
24 0.778500 0.843000 0.331000 0.355999
