26 0.02421875 0.27421875 0.0484375 0.21875
26 0.4015625 0.865625 0.153125 0.15625
26 0.56171875 0.8875 0.146875 0.13125
26 0.26328125 0.8171875 0.121875 0.140625
26 0.340625 0.74296875 0.153125 0.1421875
26 0.51015625 0.72890625 0.109375 0.171875
26 0.6875 0.7421875 0.15625 0.203125
26 0.15390625 0.71328125 0.13125 0.16875
26 0.21328125 0.6515625 0.096875 0.15625
26 0.30546875 0.58671875 0.16875 0.159375
26 0.475 0.59609375 0.15625 0.1515625
26 0.6328125 0.5984375 0.14375 0.1703125
26 0.81015625 0.621875 0.1203125 0.2
26 0.92734375 0.5125 0.1453125 0.1703125
26 0.7484375 0.5 0.15625 0.1625
26 0.59375 0.48203125 0.1609375 0.14375
26 0.43203125 0.4578125 0.18125 0.1765625
26 0.01484375 0.4828125 0.0296875 0.15
26 0.05859375 0.59921875 0.1171875 0.159375
26 0.18984375 0.4984375 0.121875 0.1484375
26 0.278125 0.44296875 0.1578125 0.1625
26 0.95625 0.61875 0.0875 0.053125
26 0.21640625 0.2921875 0.15 0.165625
26 0.37734375 0.3078125 0.16875 0.19375
26 0.54375 0.33515625 0.153125 0.18125
26 0.7015625 0.34296875 0.159375 0.196875
26 0.87265625 0.34921875 0.1609375 0.209375
26 0.978125 0.34453125 0.04375 0.2125
26 0.1546875 0.3625 0.1265625 0.134375
26 0.0828125 0.42578125 0.103125 0.1328125
