28 0.059500 0.957000 0.119000 0.115999
28 0.141000 0.843000 0.084000 0.042000
28 0.191500 0.892000 0.149000 0.060000
28 0.164000 0.735500 0.068000 0.049000
28 0.217500 0.829500 0.081000 0.034999
28 0.276500 0.715000 0.045000 0.066000
28 0.308500 0.903000 0.073000 0.037999
28 0.331000 0.820000 0.052000 0.054000
28 0.362000 0.572000 0.056000 0.062000
28 0.384000 0.660500 0.054000 0.039000
28 0.454000 0.742000 0.132000 0.132000
28 0.547000 0.648500 0.174000 0.099000
28 0.568500 0.579500 0.089000 0.031000
28 0.574500 0.810000 0.093000 0.042000
28 0.615500 0.992500 0.091000 0.035000
28 0.652000 0.951500 0.062000 0.023000
28 0.673000 0.749000 0.070000 0.048000
28 0.732000 0.799500 0.098000 0.028999
28 0.750500 0.905000 0.093000 0.042000
28 0.761000 0.868000 0.068000 0.042000
28 0.840500 0.699500 0.075000 0.051000
28 0.916000 0.916500 0.106000 0.073001
