28 0.130001 0.056250 0.085000 0.112499
28 0.257500 0.556250 0.085000 0.077499
28 0.386250 0.098750 0.192499 0.117501
28 0.372500 0.777500 0.110002 0.095000
28 0.441250 0.850000 0.062499 0.045002
28 0.453750 0.391250 0.047501 0.082499
28 0.497499 0.187500 0.130000 0.090002
28 0.471250 0.263750 0.052499 0.062499
28 0.768750 0.407500 0.617499 0.465000
28 0.538750 0.577500 0.072499 0.045000
28 0.603750 0.683750 0.107499 0.137501
28 0.582500 0.176250 0.059998 0.057499
28 0.610001 0.247500 0.115000 0.070002
28 0.630000 0.026250 0.100000 0.042499
28 0.651250 0.136250 0.042499 0.057499
28 0.716250 0.120001 0.072501 0.055000
28 0.736250 0.693750 0.062501 0.047501
28 0.753750 0.073750 0.052499 0.052501
28 0.765000 0.491250 0.030000 0.062499
28 0.843750 0.027500 0.097501 0.055000
28 0.890000 0.448750 0.130000 0.062499
28 0.940000 0.221250 0.090000 0.087501
28 0.963750 0.025000 0.042499 0.050000
