28 0.557000 0.144000 0.388000 0.184001
28 0.095000 0.383000 0.190000 0.188000
28 0.297000 0.525000 0.206000 0.115999
28 0.291000 0.345000 0.116000 0.096000
28 0.295000 0.095000 0.108000 0.140000
28 0.420000 0.363500 0.138000 0.075000
28 0.437500 0.846000 0.103000 0.106001
28 0.464500 0.621000 0.083000 0.060000
28 0.554000 0.874000 0.134000 0.086000
28 0.686500 0.488500 0.113000 0.073000
28 0.741500 0.344000 0.103000 0.080000
28 0.892000 0.250000 0.244000 0.120000
28 0.839500 0.549500 0.121000 0.107000
28 0.870500 0.773000 0.105000 0.124000
28 0.923500 0.449500 0.083000 0.101000
