28 0.065625 0.039583 0.068749 0.025000
28 0.130208 0.082292 0.052082 0.064584
28 0.195833 0.260416 0.075000 0.050000
28 0.239584 0.184375 0.079166 0.039582
28 0.241667 0.267708 0.037500 0.031250
28 0.395834 0.414583 0.058333 0.029166
28 0.411458 0.337500 0.064584 0.025000
28 0.478125 0.012500 0.068749 0.025000
28 0.514583 0.255208 0.083334 0.056250
28 0.513542 0.343750 0.060416 0.033333
28 0.601042 0.457291 0.039583 0.047917
28 0.623959 0.338542 0.085417 0.022917
28 0.687500 0.459374 0.054167 0.052083
28 0.785417 0.383334 0.087499 0.033333
28 0.809375 0.017708 0.093750 0.035416
