28 0.191500 0.676819 0.149000 0.289136
28 0.256500 0.744851 0.121000 0.101048
28 0.385000 0.658310 0.160000 0.174082
28 0.503000 0.475224 0.060000 0.180084
28 0.575500 0.370674 0.033000 0.049024
28 0.669000 0.438206 0.130000 0.054025
28 0.773500 0.380679 0.207000 0.131062
28 0.803000 0.371175 0.156000 0.158074
28 0.831500 0.477225 0.205000 0.090042
28 0.836000 0.289636 0.098000 0.145068
28 0.914000 0.551759 0.214000 0.121057
28 0.876000 0.689825 0.064000 0.121057
28 0.919000 0.765860 0.100000 0.123058
28 0.927000 0.436205 0.084000 0.184087
28 0.933500 0.328655 0.093000 0.059028
28 0.977500 0.412194 0.077000 0.170080
