28 0.015500 0.703115 0.031000 0.068012
28 0.022000 0.908650 0.044000 0.043007
28 0.065500 0.883645 0.035000 0.025004
28 0.074500 0.163527 0.033000 0.037007
28 0.094500 0.212535 0.041000 0.037007
28 0.129500 0.870142 0.039000 0.018003
28 0.144000 0.251541 0.050000 0.037006
28 0.175500 0.456074 0.073000 0.064010
28 0.198500 0.221536 0.051000 0.023004
28 0.232000 0.877644 0.088000 0.047008
28 0.232500 0.943655 0.047000 0.047008
28 0.261000 0.212035 0.028000 0.070012
28 0.298000 0.706616 0.060000 0.063011
28 0.318500 0.931653 0.051000 0.027005
28 0.321000 0.497082 0.046000 0.048007
28 0.367000 0.438572 0.100000 0.049008
28 0.334500 0.211035 0.027000 0.086015
28 0.353500 0.645106 0.059000 0.030004
28 0.349500 0.481579 0.029000 0.037006
28 0.402000 0.197532 0.108000 0.063010
28 0.376500 0.689113 0.037000 0.032005
28 0.382500 0.309551 0.045000 0.029005
28 0.383000 0.863642 0.046000 0.039007
28 0.383500 0.391064 0.031000 0.012002
28 0.387500 0.366561 0.039000 0.037006
28 0.553500 0.045508 0.027000 0.057010
28 0.607000 0.245540 0.068000 0.049008
28 0.666500 0.868142 0.113000 0.070012
28 0.629500 0.102017 0.027000 0.064010
28 0.670500 0.604099 0.105000 0.106017
28 0.662000 0.401566 0.080000 0.041007
28 0.693000 0.727119 0.116000 0.058009
28 0.704500 0.135522 0.107000 0.041006
28 0.696000 0.277546 0.058000 0.023004
28 0.762500 0.056009 0.113000 0.066010
28 0.847000 0.534088 0.168000 0.070012
28 0.811000 0.652107 0.020000 0.060011
28 0.869500 0.658108 0.051000 0.064010
28 0.950500 0.764126 0.123000 0.082014
28 0.932000 0.809132 0.066000 0.024004
28 0.937000 0.593598 0.044000 0.021004
