28 0.093500 0.872000 0.081000 0.082000
28 0.163500 0.881000 0.101000 0.134000
28 0.177000 0.745000 0.116000 0.064000
28 0.298000 0.875000 0.114000 0.126000
28 0.347500 0.914000 0.135000 0.188000
28 0.354500 0.701500 0.037000 0.069000
28 0.429000 0.729500 0.128000 0.115000
28 0.452000 0.934000 0.144000 0.174000
28 0.514000 0.724500 0.066000 0.093000
28 0.581000 0.740000 0.080000 0.132000
28 0.621500 0.868500 0.115000 0.159000
28 0.674500 0.681500 0.093000 0.099000
28 0.727000 0.723500 0.144000 0.149000
28 0.796000 0.757500 0.168000 0.142999
28 0.846000 0.808000 0.184000 0.178000
28 0.901500 0.726000 0.043000 0.055999
