28 0.016500 0.249500 0.031000 0.029000
28 0.028500 0.295500 0.049000 0.013001
28 0.058000 0.577500 0.052000 0.027000
28 0.064500 0.673500 0.055000 0.040999
28 0.088500 0.336500 0.041000 0.045000
28 0.090500 0.199500 0.045000 0.015000
28 0.115000 0.777000 0.082000 0.042000
28 0.105500 0.299500 0.035000 0.021000
28 0.114000 0.027500 0.044000 0.019000
28 0.126500 0.728500 0.069000 0.023000
28 0.115000 0.426500 0.020000 0.035000
28 0.135500 0.507500 0.037000 0.019000
28 0.156500 0.131000 0.057000 0.040000
28 0.181500 0.552500 0.037000 0.027000
28 0.193500 0.309000 0.029000 0.043999
28 0.236500 0.410000 0.093000 0.068000
28 0.224500 0.519500 0.049000 0.027000
28 0.229500 0.305500 0.039000 0.029000
28 0.233500 0.207500 0.031000 0.043000
28 0.247000 0.172500 0.058000 0.031001
28 0.301500 0.352500 0.037000 0.022999
28 0.316500 0.081500 0.035000 0.019000
28 0.334500 0.491500 0.033000 0.029000
28 0.344500 0.257000 0.041000 0.010000
28 0.349500 0.040000 0.047000 0.014000
28 0.353000 0.126000 0.050000 0.012000
28 0.361000 0.398500 0.062000 0.029000
28 0.354500 0.215500 0.037000 0.023000
28 0.384000 0.549500 0.050000 0.033000
28 0.382500 0.448500 0.031000 0.025001
28 0.379500 0.514500 0.013000 0.009000
28 0.405500 0.515500 0.031000 0.011000
28 0.435500 0.393500 0.013000 0.011000
28 0.444500 0.487500 0.027000 0.009000
28 0.450000 0.425500 0.016000 0.033000
28 0.472500 0.419500 0.033000 0.013000
28 0.510500 0.401000 0.027000 0.016000
28 0.519500 0.141500 0.027000 0.019000
28 0.543000 0.094000 0.016000 0.018000
28 0.559500 0.379000 0.037000 0.022000
28 0.556500 0.462500 0.019000 0.025000
28 0.564500 0.336500 0.035000 0.021000
28 0.571500 0.111500 0.025000 0.017000
28 0.573000 0.450500 0.022000 0.017000
28 0.604000 0.107500 0.064000 0.037000
28 0.598500 0.222000 0.029000 0.036000
28 0.612000 0.189000 0.056000 0.025999
28 0.615500 0.251000 0.037000 0.018000
28 0.629500 0.071000 0.033000 0.018000
28 0.663000 0.389500 0.050000 0.027000
28 0.670500 0.148500 0.031000 0.016999
28 0.685500 0.457500 0.053000 0.027000
28 0.673500 0.251000 0.025000 0.018000
28 0.689500 0.225500 0.045000 0.029000
28 0.712500 0.310000 0.029000 0.016000
28 0.733000 0.022500 0.050000 0.045000
28 0.765000 0.092500 0.052000 0.037000
28 0.755500 0.215000 0.029000 0.016000
28 0.778500 0.344000 0.049000 0.018000
28 0.805500 0.548500 0.037000 0.019000
28 0.798000 0.502000 0.018000 0.020000
28 0.842500 0.309500 0.037000 0.037000
28 0.842500 0.438000 0.029000 0.019999
28 0.852000 0.146500 0.022000 0.017000
28 0.860000 0.283000 0.018000 0.012000
28 0.863500 0.717000 0.021000 0.019999
28 0.885000 0.311000 0.018000 0.018000
28 0.898500 0.036000 0.025000 0.022001
28 0.907500 0.411000 0.031000 0.016001
28 0.915000 0.200500 0.046000 0.041000
28 0.918000 0.506000 0.022000 0.012000
28 0.935500 0.557000 0.029000 0.018000
28 0.947000 0.791500 0.040000 0.029000
28 0.947000 0.258500 0.018000 0.037000
28 0.963500 0.033000 0.043000 0.024000
28 0.961500 0.195500 0.035000 0.023000
28 0.969500 0.523000 0.019000 0.008000
28 0.990500 0.624000 0.051000 0.034001
