28 0.205500 0.287820 0.113000 0.035039
28 0.569500 0.036540 0.095000 0.073081
28 0.698500 0.118131 0.053000 0.024027
28 0.699500 0.694272 0.027000 0.035039
28 0.729500 0.139655 0.021000 0.039044
28 0.768500 0.157175 0.033000 0.020022
28 0.778500 0.128643 0.045000 0.021024
28 0.819500 0.114127 0.029000 0.016018
28 0.833000 0.197219 0.038000 0.022025
28 0.828000 0.126641 0.020000 0.025028
28 0.885000 0.498555 0.110000 0.066074
28 0.868500 0.123137 0.045000 0.022025
28 0.923500 0.163182 0.137000 0.160178
28 0.894500 0.257787 0.039000 0.017020
28 0.907000 0.283315 0.022000 0.010011
28 0.931500 0.291825 0.039000 0.023026
28 0.969000 0.746331 0.082000 0.033037
28 0.965500 0.269300 0.029000 0.014015
28 0.989500 0.308343 0.029000 0.010011
