28 0.832000 0.148665 0.162000 0.107119
28 0.035500 0.486541 0.071000 0.056061
28 0.068500 0.563627 0.137000 0.062069
28 0.071500 0.323360 0.143000 0.054059
28 0.037500 0.381925 0.071000 0.031034
28 0.086000 0.634206 0.168000 0.047052
28 0.062500 0.747832 0.031000 0.086095
28 0.134000 0.472526 0.142000 0.084093
28 0.188000 0.433983 0.148000 0.049055
28 0.190500 0.575140 0.111000 0.055062
28 0.229000 0.363405 0.168000 0.064071
28 0.206500 0.158176 0.115000 0.076085
28 0.227500 0.631202 0.111000 0.049055
28 0.235500 0.544106 0.119000 0.063071
28 0.283000 0.676253 0.168000 0.041045
28 0.273500 0.948055 0.129000 0.080089
28 0.294000 0.618188 0.100000 0.059066
28 0.355500 0.269800 0.129000 0.049054
28 0.368500 0.650724 0.115000 0.048053
28 0.408500 0.431981 0.183000 0.037041
28 0.408000 0.914517 0.160000 0.057064
28 0.415000 0.387932 0.142000 0.055062
28 0.441500 0.254784 0.179000 0.063071
28 0.427000 0.715296 0.108000 0.037041
28 0.442500 0.530090 0.061000 0.039043
28 0.489500 0.503059 0.151000 0.071079
28 0.515000 0.662237 0.162000 0.053058
28 0.529500 0.795385 0.133000 0.061068
28 0.548000 0.388432 0.162000 0.080089
28 0.559000 0.552115 0.176000 0.047052
28 0.590000 0.753338 0.148000 0.043048
28 0.601500 0.324861 0.137000 0.043048
28 0.619000 0.405952 0.156000 0.041046
28 0.580000 0.928033 0.070000 0.060068
28 0.663000 0.713294 0.154000 0.025029
28 0.645500 0.832427 0.103000 0.041046
28 0.709000 0.510068 0.176000 0.053058
28 0.705500 0.837432 0.121000 0.097108
28 0.722500 0.349890 0.133000 0.061068
28 0.723500 0.478032 0.135000 0.031035
28 0.774500 0.441491 0.155000 0.096107
28 0.754000 0.822916 0.110000 0.064072
28 0.782500 0.378921 0.119000 0.057064
28 0.795000 0.759846 0.132000 0.072081
28 0.798500 0.275306 0.125000 0.056063
28 0.797000 0.650724 0.110000 0.088098
28 0.811500 0.785374 0.095000 0.029033
28 0.827000 0.337876 0.096000 0.029032
28 0.812500 0.927031 0.047000 0.082091
28 0.875000 0.559623 0.156000 0.062069
28 0.852500 0.471024 0.099000 0.041045
28 0.891500 0.350890 0.111000 0.051056
28 0.912000 0.655730 0.136000 0.066073
28 0.926000 0.808900 0.164000 0.064071
28 0.946500 0.296830 0.139000 0.099111
28 0.971000 0.695274 0.164000 0.041046
28 0.973500 0.482537 0.147000 0.064071
28 0.978500 0.440490 0.137000 0.054059
28 0.993000 0.235261 0.154000 0.066074
28 0.998000 0.180702 0.144000 0.117130
