28 0.302344 0.901562 0.604688 0.593750
28 0.611718 0.400000 0.032813 0.021875
28 0.614843 0.656250 0.017187 0.012499
28 0.632031 0.902344 0.017189 0.023437
28 0.632031 0.941407 0.017189 0.023437
28 0.637500 0.762500 0.012501 0.012500
28 0.643750 0.543750 0.025000 0.012499
28 0.639844 0.511719 0.007813 0.017188
28 0.653906 0.864062 0.020312 0.028126
28 0.657812 0.700000 0.018750 0.043750
28 0.672656 0.839063 0.020314 0.028126
28 0.672657 0.523438 0.014062 0.015624
28 0.674219 0.767969 0.004688 0.007812
28 0.681250 0.466406 0.018750 0.010937
28 0.691406 0.012500 0.032813 0.025000
28 0.689844 0.649219 0.014062 0.035938
28 0.694531 0.485937 0.007811 0.018750
28 0.712500 0.806250 0.040626 0.034375
28 0.710156 0.266407 0.023438 0.014063
28 0.721875 0.596093 0.012499 0.017188
28 0.724218 0.361719 0.007813 0.017188
28 0.738281 0.991406 0.029688 0.064063
28 0.733594 0.634375 0.010938 0.040625
28 0.758594 0.387500 0.035938 0.021875
28 0.763282 0.757031 0.026563 0.026562
28 0.763282 0.724219 0.023437 0.017188
28 0.794531 0.828125 0.045312 0.028126
28 0.789062 0.027344 0.018749 0.007813
28 0.802343 0.134375 0.035938 0.025001
28 0.825782 0.618750 0.029688 0.040625
28 0.842969 0.937500 0.023438 0.028126
28 0.860156 0.005469 0.026562 0.010938
28 0.877343 0.935937 0.029688 0.053125
28 0.931250 0.296875 0.071875 0.040625
28 0.943750 0.380468 0.037499 0.042187
