28 0.025028 0.284500 0.050055 0.077000
28 0.026530 0.715000 0.053059 0.178000
28 0.047052 0.242000 0.094105 0.080000
28 0.060567 0.505500 0.121134 0.169000
28 0.066073 0.593000 0.132147 0.142000
28 0.077086 0.421000 0.154171 0.196000
28 0.153170 0.765500 0.276308 0.263000
28 0.174694 0.947000 0.277309 0.320000
28 0.154171 0.388000 0.114127 0.186000
28 0.167687 0.262500 0.137152 0.109000
28 0.465518 0.919000 0.692771 0.782000
28 0.233259 0.388000 0.120133 0.194000
28 0.308844 0.948500 0.249277 0.203000
28 0.647220 0.812500 0.765852 0.749000
28 0.882982 0.179500 0.366408 0.243000
