28 0.540000 0.914362 0.098000 0.284113
28 0.458500 0.223088 0.109000 0.328130
28 0.478000 0.539214 0.078000 0.330131
28 0.534500 0.550218 0.069000 0.364144
28 0.549500 0.211083 0.091000 0.308122
28 0.597500 0.216085 0.143000 0.308122
28 0.621000 0.568725 0.104000 0.445176
28 0.637500 0.870345 0.089000 0.324129
28 0.695000 0.592234 0.100000 0.440174
28 0.704500 0.239595 0.067000 0.329131
28 0.725000 0.948375 0.104000 0.380150
28 0.762000 0.228590 0.082000 0.343136
28 0.755000 0.580730 0.054000 0.395156
28 0.796000 0.946375 0.098000 0.362143
28 0.824000 0.647757 0.076000 0.521207
28 0.842500 0.239595 0.095000 0.313124
28 0.899000 0.975887 0.104000 0.447176
28 0.929500 0.710281 0.113000 0.638252
28 0.920000 0.246097 0.076000 0.342136
