28 0.020000 0.606000 0.040000 0.055999
28 0.054000 0.840500 0.108000 0.087000
28 0.315000 0.349500 0.530000 0.220999
28 0.100000 0.686500 0.074000 0.031000
28 0.108500 0.731500 0.049000 0.031000
28 0.167500 0.939500 0.043000 0.029000
28 0.254000 0.583500 0.076000 0.028999
28 0.236500 0.720000 0.033000 0.042000
28 0.487500 0.448500 0.461000 0.166999
28 0.309500 0.718500 0.039000 0.034999
28 0.347000 0.827000 0.044000 0.048000
28 0.364500 0.881500 0.033000 0.033000
28 0.375000 0.716500 0.054000 0.031000
28 0.470000 0.927500 0.058000 0.029000
28 0.641500 0.501500 0.381000 0.169000
28 0.527000 0.697500 0.044000 0.028999
28 0.716000 0.273500 0.414000 0.155000
28 0.556000 0.890000 0.060000 0.028000
28 0.636500 0.148500 0.175000 0.103001
28 0.690500 0.263500 0.279000 0.167000
28 0.571500 0.759000 0.037000 0.046001
28 0.636500 0.895500 0.073000 0.031001
28 0.634500 0.770500 0.047000 0.019000
28 0.756500 0.366000 0.287000 0.181999
28 0.797500 0.539500 0.263000 0.213000
28 0.731500 0.961500 0.055000 0.027000
28 0.821500 0.091000 0.219000 0.182000
28 0.795500 0.859000 0.035000 0.028000
28 0.969000 0.552000 0.180000 0.168000
