28 0.557500 0.383500 0.425000 0.353000
28 0.033000 0.474000 0.066000 0.116000
28 0.203500 0.738500 0.151000 0.055000
28 0.360000 0.897000 0.178000 0.074000
28 0.492500 0.683000 0.111000 0.060000
28 0.473000 0.148000 0.060000 0.072000
28 0.548000 0.110000 0.172000 0.074000
28 0.637000 0.722000 0.076000 0.108000
28 0.707000 0.068500 0.170000 0.129000
28 0.814500 0.392000 0.151000 0.068000
28 0.835000 0.156000 0.102000 0.087999
28 0.824000 0.516000 0.076000 0.062000
28 0.956000 0.517000 0.140000 0.076000
