28 0.207500 0.560500 0.027000 0.029000
28 0.209000 0.700500 0.014000 0.031001
28 0.254500 0.636500 0.015000 0.027000
28 0.260500 0.538000 0.023000 0.016000
28 0.280500 0.491500 0.013000 0.007000
28 0.297000 0.691000 0.016000 0.020000
28 0.301500 0.637500 0.025000 0.021000
28 0.313500 0.486500 0.013000 0.013000
28 0.325000 0.510000 0.014000 0.013999
28 0.329000 0.838000 0.022000 0.062000
28 0.359000 0.529500 0.008000 0.021000
28 0.403500 0.583500 0.011000 0.013001
28 0.424000 0.548000 0.014000 0.008000
28 0.449000 0.533000 0.006000 0.018000
28 0.476500 0.534000 0.021000 0.007999
28 0.503500 0.930000 0.049000 0.018000
28 0.605000 0.547500 0.020000 0.015000
28 0.614500 0.520500 0.019000 0.007001
28 0.637000 0.927000 0.050000 0.049999
28 0.626500 0.542000 0.015000 0.012000
28 0.655500 0.519500 0.007000 0.017000
28 0.681500 0.514000 0.013000 0.010000
28 0.739000 0.919500 0.050000 0.034999
28 0.787000 0.758500 0.066000 0.043000
