28 0.050531 0.109500 0.099062 0.040999
28 0.246654 0.043500 0.095059 0.045000
28 0.348218 0.874000 0.058035 0.020000
28 0.348218 0.298500 0.050032 0.058999
28 0.411758 0.515500 0.093058 0.065000
28 0.439274 0.348000 0.050030 0.048000
28 0.434271 0.879000 0.014008 0.072000
28 0.596373 0.546500 0.082051 0.043000
28 0.600875 0.824500 0.037024 0.021000
28 0.616886 0.635500 0.041026 0.043000
28 0.645904 0.398500 0.083053 0.037000
28 0.629894 0.514500 0.037022 0.021000
28 0.674922 0.596000 0.033021 0.022000
28 0.714447 0.010500 0.054034 0.021000
28 0.740963 0.704500 0.099062 0.033000
28 0.765978 0.531000 0.041026 0.037999
28 0.798999 0.886500 0.021013 0.037001
