28 0.029000 0.564000 0.058000 0.076001
28 0.046500 0.393500 0.043000 0.075000
28 0.080500 0.510000 0.033000 0.048000
28 0.091500 0.258000 0.037000 0.043999
28 0.151000 0.385500 0.086000 0.094999
28 0.130500 0.728000 0.037000 0.062000
28 0.166500 0.488500 0.011000 0.033000
28 0.220000 0.698000 0.064000 0.064000
28 0.290500 0.297000 0.047000 0.055999
28 0.323500 0.500500 0.019000 0.025000
28 0.345500 0.447500 0.025000 0.033000
28 0.379500 0.629500 0.085000 0.093000
28 0.381500 0.505000 0.047000 0.024000
28 0.372500 0.419000 0.021000 0.014000
28 0.384500 0.706000 0.023000 0.064000
28 0.391000 0.383000 0.016000 0.046000
28 0.414500 0.455500 0.043000 0.033000
28 0.415500 0.487500 0.033000 0.043001
28 0.437000 0.442000 0.056000 0.048000
28 0.439500 0.549000 0.027000 0.055999
28 0.456500 0.282500 0.033000 0.043000
28 0.457000 0.377000 0.016000 0.046000
28 0.504000 0.334500 0.062000 0.043001
28 0.513500 0.216500 0.027000 0.039000
28 0.573000 0.419500 0.066000 0.039000
28 0.577000 0.293000 0.070000 0.048000
28 0.558500 0.362500 0.029000 0.041000
28 0.590500 0.370500 0.031000 0.037001
28 0.621000 0.749000 0.046000 0.062000
28 0.624500 0.291000 0.041000 0.043999
28 0.634000 0.441000 0.056000 0.042000
28 0.644000 0.389000 0.048000 0.050000
28 0.665000 0.126500 0.056000 0.045000
28 0.946000 0.762500 0.060000 0.101000
28 0.978500 0.596000 0.085000 0.124000
