28 0.033000 0.387000 0.030000 0.018000
28 0.067000 0.399000 0.030000 0.006000
28 0.074000 0.427000 0.044000 0.022000
28 0.097000 0.391000 0.038000 0.018000
28 0.099000 0.457000 0.026000 0.030000
28 0.140000 0.848000 0.064000 0.088000
28 0.143000 0.390000 0.022000 0.016001
28 0.209000 0.936000 0.078000 0.079999
28 0.453000 0.863000 0.034000 0.034000
28 0.464000 0.921000 0.048000 0.066000
28 0.512000 0.739000 0.052000 0.070000
28 0.786000 0.768000 0.040000 0.019999
28 0.795000 0.666000 0.038000 0.031999
28 0.800000 0.629000 0.012000 0.022000
28 0.842000 0.629000 0.024000 0.042000
28 0.898000 0.736000 0.040000 0.052000
28 0.976000 0.675000 0.064000 0.066000
