28 0.067969 0.157031 0.023438 0.035938
28 0.116406 0.513281 0.107813 0.098437
28 0.091406 0.230468 0.035938 0.035938
28 0.107812 0.730469 0.053125 0.073438
28 0.179687 0.210157 0.065624 0.023437
28 0.165625 0.226562 0.034376 0.025001
28 0.203125 0.058594 0.059376 0.026563
28 0.204688 0.241406 0.034374 0.029688
28 0.230469 0.245312 0.054688 0.037500
28 0.341406 0.809375 0.051562 0.031250
28 0.339062 0.394532 0.015626 0.017188
28 0.367188 0.296093 0.018750 0.017188
28 0.410157 0.375781 0.017187 0.042187
28 0.450000 0.420313 0.021875 0.031249
28 0.453906 0.228907 0.026562 0.026562
28 0.475782 0.733594 0.048437 0.029688
28 0.683594 0.244531 0.042189 0.020314
28 0.722656 0.434375 0.023437 0.015625
28 0.767969 0.450000 0.023438 0.009374
28 0.769531 0.507031 0.020314 0.032813
28 0.777344 0.427343 0.026563 0.014063
28 0.799219 0.532031 0.045312 0.026562
28 0.800000 0.355469 0.028125 0.010937
28 0.813282 0.705469 0.054688 0.020312
28 0.801562 0.416407 0.025000 0.020312
28 0.803125 0.473438 0.021875 0.021875
28 0.821875 0.145313 0.050000 0.034375
28 0.814063 0.506250 0.025000 0.006250
28 0.828125 0.428125 0.031251 0.028126
28 0.823438 0.397657 0.018750 0.010938
28 0.828906 0.375781 0.020312 0.017186
28 0.842969 0.864062 0.032811 0.028126
28 0.846094 0.916406 0.023438 0.014063
28 0.851562 0.455469 0.025000 0.014063
28 0.859374 0.766406 0.028125 0.054688
28 0.864063 0.398438 0.025000 0.009376
28 0.878906 0.853125 0.029688 0.018750
28 0.884374 0.451563 0.021875 0.021875
28 0.905469 0.950781 0.051562 0.023437
28 0.900000 0.833594 0.037501 0.017188
28 0.927343 0.439844 0.029688 0.026562
28 0.935156 0.816406 0.042187 0.020312
28 0.957031 0.959375 0.032811 0.012500
28 0.984374 0.906250 0.028125 0.018750
28 0.996875 0.432812 0.012499 0.031250
