28 0.095717 0.461159 0.130661 0.259829
28 0.107112 0.720988 0.107871 0.205128
28 0.088880 0.629059 0.044061 0.063818
28 0.249168 0.848623 0.203589 0.232478
28 0.202069 0.423932 0.094197 0.179298
28 0.188395 0.617664 0.054695 0.120038
28 0.274237 0.447484 0.150412 0.205128
28 0.312979 0.639696 0.106352 0.170179
28 0.322855 0.344160 0.086601 0.107882
28 0.395022 0.541690 0.179279 0.199051
28 0.379069 0.777968 0.132180 0.246154
28 0.455795 0.929915 0.158008 0.218803
28 0.477825 0.453562 0.113949 0.202090
28 0.530241 0.833429 0.145854 0.284141
28 0.530241 0.657170 0.091159 0.205128
28 0.593293 0.589554 0.107871 0.185376
28 0.644189 0.922318 0.151931 0.334283
28 0.649507 0.651851 0.053176 0.127635
28 0.737628 0.676163 0.141296 0.246154
28 0.747503 0.796202 0.054695 0.082051
28 0.774851 0.595632 0.088121 0.164102
28 0.818151 0.764292 0.068370 0.151947
28 0.880443 0.964862 0.144334 0.154986
28 0.900194 0.847863 0.083562 0.124597
