28 0.044000 0.509209 0.088000 0.082646
28 0.056000 0.605852 0.112000 0.075981
28 0.106000 0.419231 0.212000 0.083979
28 0.136000 0.701163 0.189334 0.087979
28 0.194000 0.490547 0.220000 0.093311
28 0.287334 0.759148 0.153333 0.075981
28 0.312667 0.730488 0.204000 0.079980
28 0.316000 0.511208 0.162666 0.081314
28 0.331334 0.653840 0.193333 0.099976
28 0.410667 0.555864 0.240000 0.082647
28 0.474666 0.741152 0.205333 0.074648
28 0.566000 0.585190 0.129334 0.106640
28 0.648000 0.549866 0.128000 0.070650
28 0.826666 0.854458 0.197333 0.093311
28 0.837333 0.907112 0.080000 0.073316
