28 0.276000 0.246067 0.090666 0.084023
28 0.340000 0.408779 0.173334 0.102695
28 0.422000 0.262072 0.116000 0.078689
28 0.463333 0.552151 0.124000 0.058683
28 0.466666 0.336759 0.117333 0.094694
28 0.488666 0.766209 0.086667 0.081355
28 0.503334 0.882908 0.102667 0.082689
28 0.511334 0.256737 0.094667 0.092025
28 0.584000 0.995606 0.173334 0.097360
28 0.524000 0.505472 0.029334 0.085357
28 0.621333 0.314086 0.112000 0.086690
28 0.632666 0.251402 0.097333 0.078688
28 0.639334 0.474130 0.102667 0.094693
28 0.633334 0.846898 0.066667 0.080022
28 0.642667 0.524810 0.072000 0.038677
28 0.678000 0.867571 0.097334 0.052014
28 0.677333 0.402110 0.048000 0.049347
28 0.710000 0.796885 0.086666 0.097360
28 0.714000 0.178049 0.092000 0.060016
28 0.710667 0.597497 0.064000 0.080022
28 0.720000 0.581492 0.045334 0.074688
28 0.747334 0.370768 0.070667 0.053347
28 0.773334 0.155376 0.082667 0.060016
28 0.795334 0.868238 0.105333 0.053348
28 0.785333 0.254736 0.072000 0.034677
28 0.830666 0.892244 0.042667 0.050680
28 0.847334 0.370768 0.054667 0.056016
28 0.862666 0.346095 0.058667 0.068019
28 0.928000 0.728866 0.130666 0.108029
28 0.997333 0.644843 0.104000 0.060017
28 0.978000 0.562821 0.060000 0.042678
