28 0.710938 0.489844 0.050000 0.135938
28 0.781250 0.310937 0.078125 0.093750
28 0.822656 0.760156 0.126563 0.064062
28 0.778125 0.621094 0.034374 0.095312
28 0.832813 0.825781 0.128125 0.051562
28 0.803906 0.587500 0.035938 0.078125
28 0.840625 0.338282 0.090626 0.054688
28 0.875000 0.477344 0.125002 0.104687
28 0.875782 0.862500 0.123438 0.062501
28 0.854688 0.621094 0.065626 0.135937
28 0.858594 0.560938 0.060938 0.109375
28 0.930469 0.541406 0.095312 0.070313
28 0.966406 0.835937 0.107813 0.087500
28 0.935938 0.728906 0.028125 0.110938
