28 0.174000 0.532500 0.072000 0.031001
28 0.245500 0.551500 0.075000 0.045000
28 0.264500 0.228500 0.031000 0.019000
28 0.295000 0.276500 0.050000 0.021000
28 0.282500 0.214500 0.017000 0.021000
28 0.311500 0.585500 0.075000 0.039000
28 0.334000 0.710500 0.070000 0.029000
28 0.319500 0.936000 0.025000 0.042000
28 0.369500 0.502000 0.087000 0.038000
28 0.417500 0.529000 0.031000 0.050000
28 0.480000 0.571000 0.102000 0.056000
28 0.470500 0.408500 0.071000 0.031000
28 0.480000 0.632500 0.064000 0.033000
28 0.501500 0.955500 0.041000 0.034999
28 0.547000 0.624000 0.066000 0.037999
28 0.575000 0.497500 0.098000 0.029000
28 0.552500 0.518500 0.043000 0.021000
28 0.587500 0.592000 0.077000 0.026000
28 0.645000 0.327500 0.084000 0.033000
28 0.658000 0.380000 0.056000 0.058000
28 0.655500 0.523500 0.031000 0.022999
28 0.747500 0.726000 0.079000 0.060000
28 0.745500 0.362500 0.067000 0.023000
28 0.758000 0.630000 0.082000 0.046001
28 0.736500 0.956500 0.031000 0.037000
28 0.778500 0.444000 0.095000 0.054000
28 0.756500 0.832500 0.035000 0.079001
28 0.796000 0.563000 0.056000 0.036000
28 0.848500 0.175500 0.087000 0.016999
28 0.873500 0.309500 0.053000 0.033000
28 0.919500 0.611500 0.033000 0.037000
28 0.960000 0.939500 0.062000 0.035000
28 0.983500 0.915500 0.029000 0.029000
28 0.990500 0.950500 0.039000 0.025000
