28 0.845000 0.317350 0.250000 0.108119
28 0.066500 0.476025 0.129000 0.063070
28 0.144000 0.289319 0.248000 0.084093
28 0.233500 0.267795 0.295000 0.115126
28 0.193500 0.473021 0.195000 0.099109
28 0.207500 0.628693 0.219000 0.098108
28 0.254000 0.086095 0.308000 0.116128
28 0.290500 0.397438 0.303000 0.090099
28 0.270000 0.767346 0.164000 0.027030
28 0.334500 0.840426 0.215000 0.053058
28 0.372500 0.227751 0.287000 0.097107
28 0.349000 0.565123 0.166000 0.061068
28 0.396000 0.331365 0.252000 0.094103
28 0.449500 0.698770 0.183000 0.046050
28 0.537500 0.188708 0.289000 0.089098
28 0.534000 0.611675 0.232000 0.076084
28 0.567500 0.506058 0.263000 0.049053
28 0.650500 0.399440 0.261000 0.078086
28 0.674000 0.435981 0.254000 0.057063
28 0.701500 0.531085 0.293000 0.121133
28 0.667000 0.354891 0.194000 0.059065
28 0.642500 0.568126 0.141000 0.047052
28 0.757000 0.774353 0.220000 0.029032
28 0.933000 0.398940 0.248000 0.139153
28 0.987000 0.504556 0.318000 0.096106
28 0.987000 0.577637 0.264000 0.054060
