28 0.126830 0.321943 0.253659 0.218176
28 0.269623 0.831021 0.539246 0.257199
28 0.348558 0.958734 0.697117 0.175605
28 0.289135 0.114409 0.298005 0.111748
28 0.538359 0.462959 0.629710 0.188022
28 0.525055 0.297110 0.549890 0.182700
28 0.615522 0.117071 0.603104 0.166736
28 0.509978 0.028380 0.388470 0.056761
28 0.792018 0.885121 0.611974 0.205760
28 0.650111 0.221724 0.243016 0.106427
28 0.804435 0.303318 0.196896 0.078047
28 0.958758 0.104654 0.331707 0.202212
28 0.968514 0.546327 0.273170 0.503756
