28 0.010000 0.270801 0.020000 0.039043
28 0.013000 0.367409 0.026000 0.022025
28 0.025000 0.336374 0.050000 0.026029
28 0.028500 0.316853 0.057000 0.029033
28 0.037500 0.187709 0.075000 0.037041
28 0.045000 0.402448 0.090000 0.030034
28 0.046500 0.083593 0.093000 0.035039
28 0.069500 0.963572 0.139000 0.047052
28 0.049500 0.445496 0.047000 0.018019
28 0.104500 0.239767 0.043000 0.059066
28 0.115000 0.234761 0.064000 0.029032
28 0.130500 0.060067 0.041000 0.024027
28 0.138500 0.155673 0.053000 0.031035
28 0.158000 0.199723 0.076000 0.033037
28 0.185500 0.864462 0.125000 0.047053
28 0.202500 0.181702 0.123000 0.037041
28 0.167500 0.120634 0.041000 0.023026
28 0.284500 0.563627 0.189000 0.030034
28 0.217500 0.079589 0.051000 0.031034
28 0.259500 0.025528 0.127000 0.051056
28 0.270000 0.775363 0.144000 0.053058
28 0.250000 0.136152 0.100000 0.028031
28 0.235000 0.111625 0.062000 0.021024
28 0.261500 0.157676 0.107000 0.023026
28 0.247500 0.433982 0.071000 0.025028
28 0.261000 0.382926 0.076000 0.053058
28 0.273000 0.365907 0.096000 0.029033
28 0.261500 0.239767 0.065000 0.031035
28 0.271000 0.309845 0.080000 0.027030
28 0.304500 0.200723 0.135000 0.043048
28 0.287000 0.391936 0.086000 0.035039
28 0.369500 0.300835 0.145000 0.029032
28 0.318500 0.395940 0.035000 0.027030
28 0.374500 0.086596 0.135000 0.037041
28 0.365500 0.250779 0.089000 0.027031
28 0.372000 0.300835 0.092000 0.041046
28 0.367000 0.168688 0.080000 0.029033
28 0.390000 0.921024 0.108000 0.024027
28 0.364500 0.330368 0.053000 0.030034
28 0.409500 0.231257 0.111000 0.032035
28 0.416500 0.145662 0.109000 0.027031
28 0.442500 0.497053 0.147000 0.025028
28 0.416500 0.065072 0.063000 0.010011
28 0.446000 0.168688 0.106000 0.029033
28 0.459000 0.224249 0.102000 0.026029
28 0.458000 0.036540 0.090000 0.027030
28 0.505000 0.834429 0.166000 0.043048
28 0.482500 0.279811 0.103000 0.043048
28 0.496000 0.252782 0.090000 0.023026
28 0.491500 0.230256 0.021000 0.018021
28 0.519000 0.311847 0.070000 0.021024
28 0.538500 0.294327 0.105000 0.022025
28 0.540000 0.029032 0.096000 0.022024
28 0.584000 0.429478 0.184000 0.064072
28 0.530000 0.169689 0.074000 0.027031
28 0.560500 0.100612 0.109000 0.029033
28 0.549000 0.233259 0.082000 0.024027
28 0.597500 0.147665 0.113000 0.021024
28 0.610500 0.316853 0.101000 0.035039
28 0.612500 0.189711 0.095000 0.027031
28 0.642500 0.223749 0.117000 0.045050
28 0.638000 0.168688 0.088000 0.031035
28 0.663500 0.231758 0.135000 0.033036
28 0.630000 0.288321 0.066000 0.018021
28 0.652500 0.065573 0.089000 0.051057
28 0.660000 0.328366 0.076000 0.016017
28 0.698500 0.345885 0.145000 0.027030
28 0.699500 0.286318 0.147000 0.052058
28 0.743500 0.142658 0.139000 0.025028
28 0.738500 0.880980 0.101000 0.084094
28 0.779000 0.192714 0.172000 0.029033
28 0.748000 0.410957 0.086000 0.027031
28 0.772500 0.264794 0.131000 0.037041
28 0.764000 0.058565 0.094000 0.029032
28 0.771500 0.216240 0.067000 0.014015
28 0.869000 0.768355 0.168000 0.049054
28 0.814500 0.398944 0.039000 0.023026
28 0.828000 0.268799 0.062000 0.033037
28 0.870500 0.222748 0.115000 0.027030
28 0.830000 0.305840 0.020000 0.033037
28 0.855500 0.144661 0.071000 0.033037
28 0.865500 0.349889 0.069000 0.023026
28 0.910000 0.970580 0.148000 0.033037
28 0.905500 0.301836 0.123000 0.037042
28 0.922000 0.180701 0.152000 0.041045
28 0.908000 0.104617 0.090000 0.035039
28 0.905000 0.095606 0.072000 0.049054
28 0.977500 0.136652 0.107000 0.041046
28 0.998000 0.434984 0.118000 0.029033
