28 0.057031 0.253906 0.029688 0.017187
28 0.129687 0.435156 0.018750 0.035938
28 0.134375 0.283594 0.025001 0.042189
28 0.257812 0.348437 0.096875 0.100000
28 0.440625 0.507812 0.096875 0.081250
28 0.481250 0.350000 0.018750 0.018749
28 0.485938 0.841406 0.025001 0.035938
28 0.493750 0.793750 0.015625 0.018750
28 0.510156 0.678125 0.032813 0.050000
28 0.506250 0.772656 0.018751 0.017187
28 0.567969 0.765625 0.017188 0.025000
28 0.657031 0.802344 0.079687 0.082813
28 0.631250 0.901562 0.025000 0.025000
28 0.708593 0.812500 0.020312 0.018750
28 0.739063 0.885156 0.025000 0.035938
28 0.737500 0.926562 0.015625 0.031250
28 0.796875 0.278126 0.115626 0.103125
28 0.755469 0.910156 0.023437 0.029688
28 0.798437 0.892187 0.012500 0.028125
28 0.836719 0.860156 0.017188 0.020312
28 0.870313 0.950000 0.015625 0.015626
28 0.879687 0.867187 0.018750 0.037501
28 0.997656 0.760157 0.073438 0.089062
