28 0.011500 0.632861 0.023000 0.039022
28 0.032500 0.547312 0.065000 0.058032
28 0.051000 0.478773 0.102000 0.075042
28 0.083000 0.764937 0.166000 0.121069
28 0.116500 0.598842 0.233000 0.053030
28 0.215000 0.529802 0.156000 0.089050
28 0.325000 0.786949 0.188000 0.085049
28 0.316500 0.467767 0.097000 0.087051
28 0.395500 0.596841 0.147000 0.093052
28 0.465500 0.623856 0.135000 0.135077
28 0.508000 0.902015 0.174000 0.041023
28 0.558000 0.825971 0.100000 0.131075
28 0.597500 0.633861 0.099000 0.087050
28 0.737500 0.645869 0.177000 0.071040
28 0.843000 0.559320 0.156000 0.074043
28 0.825000 0.425243 0.114000 0.172099
28 0.900500 0.651872 0.095000 0.097054
28 0.976000 0.850986 0.134000 0.189108
