28 0.352000 0.697276 0.148000 0.051056
28 0.416500 0.380924 0.143000 0.055062
28 0.451500 0.524583 0.067000 0.096107
28 0.465000 0.463516 0.036000 0.078086
28 0.531500 0.506063 0.149000 0.035039
28 0.542500 0.465518 0.119000 0.030033
28 0.544500 0.470023 0.123000 0.037041
28 0.501500 0.560123 0.033000 0.065073
28 0.554000 0.508066 0.138000 0.047052
28 0.548500 0.437987 0.117000 0.033037
28 0.562500 0.581647 0.047000 0.100111
28 0.613500 0.462014 0.101000 0.041046
28 0.596000 0.564628 0.058000 0.082091
28 0.619500 0.547109 0.051000 0.043048
28 0.633500 0.506563 0.037000 0.078087
28 0.675000 0.458510 0.046000 0.082091
28 0.680500 0.527587 0.049000 0.070079
28 0.759000 0.852449 0.158000 0.043047
28 0.768000 0.832927 0.168000 0.032036
28 0.859500 0.244272 0.341000 0.104116
28 0.811500 0.923528 0.173000 0.045050
28 0.895000 0.266797 0.334000 0.109122
28 0.802500 0.359400 0.119000 0.064072
28 0.794000 0.756842 0.080000 0.102114
28 0.937500 0.277309 0.303000 0.100111
28 0.836000 0.759846 0.082000 0.088097
28 0.976500 0.518577 0.311000 0.188209
28 0.862000 0.805897 0.080000 0.082091
28 0.901500 0.873973 0.127000 0.082091
28 0.926000 0.843939 0.176000 0.080089
28 0.919000 0.925530 0.100000 0.135151
28 0.901500 0.743828 0.045000 0.108121
28 0.921500 0.761848 0.035000 0.076085
28 0.967500 0.802393 0.123000 0.057064
28 0.971000 0.743828 0.070000 0.096107
28 0.984500 0.924028 0.051000 0.146163
