28 0.099500 0.895500 0.055000 0.077000
28 0.216000 0.637500 0.046001 0.057000
28 0.214500 0.573000 0.039000 0.076000
28 0.279000 0.755000 0.090000 0.084000
28 0.301000 0.795500 0.090000 0.063000
28 0.391000 0.998000 0.254000 0.120000
28 0.328000 0.867000 0.118000 0.084000
28 0.403000 0.823000 0.240000 0.118000
28 0.455500 0.736000 0.279000 0.096000
28 0.482500 0.654000 0.169000 0.098000
28 0.556500 0.919000 0.153000 0.104000
28 0.576500 0.789000 0.101000 0.082000
28 0.597500 0.604500 0.109000 0.063000
28 0.604500 0.517000 0.123000 0.084000
28 0.680500 0.852000 0.123000 0.080000
28 0.705500 0.932500 0.079000 0.115000
28 0.734000 0.739500 0.126000 0.123000
28 0.805000 0.719500 0.142000 0.055000
28 0.838000 0.816500 0.148000 0.101000
28 0.847500 0.631000 0.129000 0.052000
28 0.835000 0.920500 0.060000 0.085000
28 0.965000 0.939500 0.096000 0.071000
