28 0.064000 0.676666 0.085334 0.025333
28 0.130000 0.958667 0.070666 0.031999
28 0.155333 0.910667 0.092000 0.026666
28 0.228666 0.718667 0.070667 0.029333
28 0.338000 0.310667 0.038666 0.029333
28 0.365334 0.535333 0.034667 0.036000
28 0.395334 0.696000 0.070667 0.031999
28 0.401334 0.729333 0.066667 0.040000
28 0.426666 0.296000 0.066667 0.029334
28 0.438667 0.579333 0.048000 0.022667
28 0.438000 0.188000 0.036000 0.032000
28 0.454000 0.662666 0.054666 0.026666
28 0.462000 0.696000 0.070666 0.048000
28 0.490000 0.317333 0.062666 0.024000
28 0.485334 0.261333 0.045333 0.032000
28 0.502000 0.656000 0.068000 0.034667
28 0.505333 0.355334 0.048000 0.025333
28 0.516666 0.320666 0.038667 0.030667
28 0.522000 0.082667 0.036000 0.021334
28 0.529334 0.213333 0.050667 0.034667
28 0.546666 0.615333 0.085333 0.025333
28 0.529334 0.481333 0.045333 0.040001
28 0.540000 0.531333 0.066666 0.025333
28 0.544666 0.118000 0.030667 0.025333
28 0.556666 0.200000 0.041333 0.021334
28 0.581334 0.456000 0.066667 0.031999
28 0.572000 0.146666 0.026666 0.026666
28 0.579334 0.220667 0.038667 0.019999
28 0.583334 0.095333 0.046667 0.020000
28 0.594666 0.564000 0.069333 0.024000
28 0.588667 0.114667 0.052000 0.026668
28 0.592000 0.037333 0.037334 0.040001
28 0.606666 0.615334 0.066667 0.033334
28 0.621333 0.652666 0.080000 0.049333
28 0.616000 0.296000 0.056000 0.029334
28 0.616000 0.388666 0.056000 0.025333
28 0.616000 0.484000 0.056000 0.045334
28 0.613333 0.160000 0.048000 0.024000
28 0.629334 0.511334 0.050667 0.025333
28 0.634667 0.276000 0.048000 0.026666
28 0.647334 0.451334 0.057333 0.025333
28 0.658000 0.527333 0.073334 0.033332
28 0.658000 0.394667 0.062666 0.029333
28 0.675334 0.012000 0.054667 0.024000
28 0.692000 0.804667 0.082666 0.030666
28 0.692666 0.682000 0.073333 0.033334
28 0.706666 0.118000 0.042667 0.017334
28 0.732000 0.428000 0.066666 0.021334
28 0.762000 0.040667 0.030666 0.019999
28 0.764000 0.014666 0.034666 0.018667
28 0.799333 0.422000 0.060000 0.017334
28 0.814000 0.280000 0.036000 0.026666
28 0.864667 0.048000 0.060000 0.026666
28 0.894666 0.097333 0.058667 0.024000
28 0.929333 0.020000 0.048000 0.021334
