28 0.216216 0.524000 0.170170 0.052000
28 0.266766 0.482000 0.161162 0.110000
28 0.273774 0.401500 0.109109 0.057000
28 0.471971 0.840000 0.375376 0.082000
28 0.335335 0.542000 0.084084 0.054000
28 0.524024 0.279500 0.309309 0.181000
28 0.469469 0.457500 0.096095 0.049000
28 0.530029 0.159000 0.205206 0.186000
28 0.548548 0.198500 0.178177 0.041000
28 0.584083 0.420500 0.079079 0.025000
28 0.603102 0.547500 0.085085 0.043000
28 0.641641 0.463000 0.118118 0.060000
28 0.742742 0.665000 0.134135 0.136000
28 0.773272 0.459000 0.183183 0.134000
28 0.928928 0.151000 0.112112 0.028000
