28 0.215000 0.499342 0.166000 0.142097
28 0.341000 0.380260 0.142000 0.144098
28 0.432000 0.530363 0.160000 0.148102
28 0.443000 0.299205 0.078000 0.130089
28 0.568000 0.583399 0.184000 0.162111
28 0.562000 0.383262 0.148000 0.154105
28 0.603000 0.744510 0.046000 0.036024
28 0.639000 0.834571 0.078000 0.056038
28 0.729000 0.347238 0.178000 0.150103
28 0.756000 0.640439 0.220000 0.204139
28 0.763000 0.458313 0.154000 0.140096
28 0.897000 0.846579 0.182000 0.168115
28 0.906000 0.521356 0.120000 0.142097
28 0.906000 0.389266 0.104000 0.130089
