28 0.283740 0.967000 0.421355 0.148000
28 0.228693 0.852500 0.131111 0.167000
28 0.410847 0.846500 0.287242 0.167000
28 0.340788 0.764000 0.109092 0.110000
28 0.367310 0.703500 0.112095 0.091000
28 0.365809 0.655500 0.099083 0.055000
28 0.599506 0.426500 0.512432 0.257000
28 0.399838 0.517000 0.063052 0.060000
28 0.409345 0.609000 0.076065 0.058000
28 0.474901 0.654500 0.137115 0.047000
28 0.532450 0.625500 0.252213 0.071000
28 0.621525 0.675000 0.418354 0.142000
28 0.534951 0.687000 0.235198 0.052000
28 0.532450 0.721000 0.214181 0.044000
28 0.602509 0.709000 0.314265 0.052000
28 0.526945 0.747000 0.147125 0.068000
28 0.602008 0.299000 0.287242 0.142000
28 0.650048 0.374000 0.367309 0.158000
28 0.602008 0.503000 0.161136 0.036000
28 0.707597 0.746000 0.224189 0.060000
28 0.663560 0.379500 0.126106 0.071000
28 0.735121 0.777500 0.175148 0.085000
28 0.747130 0.957500 0.161136 0.143000
28 0.805680 0.997000 0.186158 0.150000
28 0.881244 0.902500 0.265224 0.197000
