28 0.145000 0.178563 0.290000 0.117042
28 0.240000 0.777275 0.146000 0.140049
28 0.355500 0.200071 0.123000 0.074026
28 0.341500 0.150054 0.045000 0.052018
28 0.429500 0.253590 0.139000 0.069025
28 0.510500 0.245087 0.195000 0.074026
28 0.707500 0.343622 0.445000 0.123043
28 0.558000 0.756268 0.088000 0.070025
28 0.575500 0.210075 0.119000 0.086031
28 0.660500 0.488173 0.219000 0.084030
28 0.648000 0.199071 0.186000 0.060021
28 0.698500 0.271596 0.119000 0.047017
28 0.825000 0.501677 0.316000 0.087031
28 0.776500 0.562199 0.209000 0.080028
28 0.771000 0.257591 0.186000 0.047017
28 0.793500 0.226580 0.191000 0.071025
28 0.807000 0.135548 0.188000 0.059021
28 0.864000 0.401142 0.074000 0.032011
28 0.876500 0.467665 0.041000 0.019007
28 0.932500 0.136548 0.125000 0.069025
28 0.910500 0.391639 0.059000 0.051018
28 0.942500 0.471667 0.049000 0.051018
28 0.963500 0.550695 0.067000 0.037012
28 0.992500 0.672738 0.063000 0.051017
