28 0.023437 0.932031 0.046874 0.029688
28 0.028906 0.845312 0.057812 0.021875
28 0.060937 0.635156 0.078125 0.029688
28 0.058594 0.956250 0.067188 0.021875
28 0.065625 0.761718 0.053125 0.017187
28 0.166406 0.724218 0.060937 0.042187
28 0.220312 0.755469 0.053125 0.035936
28 0.225781 0.932031 0.064063 0.045314
28 0.288281 0.864843 0.060937 0.017187
28 0.329687 0.532031 0.128125 0.064062
28 0.316406 0.800781 0.060937 0.010938
28 0.318750 0.955469 0.065626 0.032813
28 0.354688 0.859374 0.049999 0.006250
28 0.382031 0.936718 0.060937 0.010938
28 0.392188 0.973438 0.053124 0.028126
28 0.444531 0.971094 0.064062 0.032813
28 0.482812 0.942969 0.050000 0.007813
