28 0.734734 0.672916 0.218857 0.175000
28 0.056277 0.884375 0.037518 0.081250
28 0.060446 0.936458 0.029180 0.052083
28 0.127145 0.970834 0.075037 0.104166
28 0.226152 0.437500 0.056277 0.025000
28 0.261586 0.975000 0.043772 0.050000
28 0.491907 0.731250 0.116724 0.066667
28 0.519003 0.560417 0.112554 0.108334
28 0.527341 0.644792 0.095879 0.089584
28 0.517961 0.415625 0.027097 0.018750
28 0.578408 0.389583 0.031265 0.029166
28 0.579449 0.861458 0.016675 0.081250
28 0.670119 0.366666 0.056278 0.020834
28 0.885849 0.721875 0.145905 0.093750
28 0.964012 0.453125 0.168832 0.106250
