29 0.254500 0.388000 0.275000 0.114000
29 0.426500 0.414000 0.083000 0.144000
29 0.502500 0.313000 0.217000 0.120000
29 0.566000 0.454000 0.246000 0.312000
29 0.489500 0.452000 0.077000 0.146000
29 0.550500 0.200000 0.149000 0.262000
29 0.554000 0.411500 0.114000 0.467000
29 0.610500 0.172000 0.095000 0.100000
29 0.631500 0.495500 0.087000 0.143000
29 0.695000 0.162000 0.190000 0.132000
29 0.652000 0.223500 0.070000 0.087000
29 0.694000 0.254500 0.056000 0.083000
29 0.859500 0.616500 0.387000 0.099000
29 0.820500 0.418000 0.283000 0.252000
29 0.944000 0.408500 0.432000 0.155000
29 0.883500 0.307500 0.301000 0.163001
29 0.827500 0.114000 0.165000 0.073999
29 0.920500 0.254500 0.301000 0.149000
29 0.848500 0.533500 0.141000 0.095000
29 0.992500 0.142000 0.339000 0.142000
29 0.970000 0.181500 0.178000 0.171000
29 0.940000 0.519500 0.114000 0.107000
