29 0.149500 0.388818 0.299000 0.139113
29 0.180000 0.504912 0.114000 0.051041
29 0.369500 0.468883 0.375000 0.173141
29 0.354500 0.587480 0.119000 0.090073
29 0.459000 0.530433 0.164000 0.154126
29 0.439500 0.713583 0.113000 0.336274
29 0.536500 0.375306 0.205000 0.082067
29 0.524500 0.640523 0.127000 0.154126
29 0.541000 0.537939 0.082000 0.113093
29 0.587000 0.659038 0.126000 0.277226
29 0.748000 0.593484 0.402000 0.302248
29 0.686500 0.422846 0.221000 0.121099
29 0.666000 0.373805 0.102000 0.067055
29 0.690500 0.704075 0.107000 0.235193
29 0.835000 0.398325 0.264000 0.298244
29 0.764000 0.642525 0.094000 0.170139
29 0.839000 0.489400 0.186000 0.160131
29 0.839000 0.348284 0.154000 0.152125
29 0.935500 0.705576 0.317000 0.086070
29 0.960500 0.580974 0.211000 0.113093
