29 0.403500 0.579637 0.135000 0.097939
29 0.444000 0.674078 0.164000 0.098938
29 0.554000 0.508182 0.302000 0.218864
29 0.563500 0.575640 0.295000 0.139912
29 0.484500 0.675077 0.133000 0.104935
29 0.549000 0.443722 0.230000 0.161898
29 0.547000 0.459712 0.168000 0.173892
29 0.607500 0.696564 0.195000 0.069956
29 0.633000 0.635602 0.140000 0.077951
29 0.707000 0.636601 0.106000 0.155902
29 0.723500 0.583135 0.135000 0.208870
29 0.707000 0.436227 0.074000 0.108931
29 0.737500 0.535165 0.099000 0.118926
29 0.733500 0.454715 0.057000 0.059962
29 0.775500 0.458713 0.071000 0.083947
29 0.828500 0.592129 0.113000 0.106933
29 0.819000 0.557151 0.080000 0.054966
29 0.842000 0.525171 0.074000 0.044971
