29 0.078500 0.327828 0.157000 0.193192
29 0.096000 0.838338 0.192000 0.229229
29 0.185000 0.266266 0.370000 0.316316
29 0.256000 0.646146 0.512000 0.349349
29 0.150500 0.787286 0.291000 0.357357
29 0.343500 0.217717 0.419000 0.343342
29 0.385500 0.582582 0.445000 0.378378
29 0.456500 0.179179 0.447000 0.358358
29 0.620000 0.570069 0.574000 0.353353
29 0.563000 0.152653 0.414000 0.305305
29 0.593500 0.955454 0.307000 0.215214
29 0.760500 0.538538 0.543000 0.406406
29 0.662000 0.118618 0.318000 0.237237
29 0.895000 0.922421 0.578000 0.281281
29 0.880500 0.450450 0.435000 0.332332
29 0.847000 0.096096 0.264000 0.192192
29 0.974000 0.066066 0.158000 0.132132
