29 0.050000 0.896000 0.100000 0.250000
29 0.089500 0.665500 0.103000 0.277000
29 0.132000 0.953000 0.110000 0.314000
29 0.114500 0.846500 0.071000 0.089000
29 0.229500 0.583000 0.271000 0.120000
29 0.146500 0.754000 0.101000 0.132000
29 0.183000 0.717500 0.074000 0.215000
29 0.293500 0.342000 0.221000 0.166001
29 0.261500 0.434000 0.091000 0.188000
29 0.361500 0.748000 0.229000 0.236000
29 0.337500 0.403000 0.077000 0.068000
29 0.390000 0.459000 0.182000 0.109999
29 0.377500 0.359500 0.141000 0.109000
29 0.450500 0.708000 0.217000 0.109999
29 0.476000 0.503500 0.248000 0.089000
29 0.445500 0.263500 0.149000 0.165000
29 0.553000 0.694500 0.318000 0.231000
29 0.461500 0.351000 0.103000 0.208001
29 0.465500 0.314500 0.097000 0.101000
29 0.600500 0.401500 0.281000 0.091000
29 0.584000 0.394000 0.190000 0.056000
29 0.653000 0.293000 0.254000 0.146000
29 0.655000 0.228000 0.258000 0.073999
29 0.627000 0.545500 0.194000 0.227000
29 0.611000 0.805000 0.120000 0.324000
29 0.661000 0.777000 0.128000 0.244001
29 0.757000 0.148000 0.298000 0.074000
29 0.722000 0.763500 0.184000 0.286999
29 0.777500 0.350500 0.201000 0.173000
29 0.813500 0.532000 0.211000 0.058000
29 0.836000 0.466000 0.182000 0.174000
29 0.913500 0.698500 0.333000 0.103000
29 0.837500 0.617000 0.171000 0.136000
29 0.838000 0.830500 0.078000 0.219000
29 0.902500 0.504000 0.085000 0.246000
29 0.894000 0.841500 0.058000 0.280999
29 0.955000 0.667000 0.104000 0.254000
29 0.981000 0.870000 0.136000 0.124001
