29 0.223500 0.021013 0.119000 0.042026
29 0.279500 0.036022 0.085000 0.072045
29 0.358500 0.038524 0.131000 0.077048
29 0.338000 0.026016 0.078000 0.052033
29 0.440500 0.006504 0.029000 0.013008
29 0.471500 0.026016 0.041000 0.052033
29 0.491500 0.022014 0.025000 0.044028
29 0.745500 0.608880 0.295000 0.149093
29 0.804500 0.382239 0.207000 0.058036
29 0.888000 0.556847 0.330000 0.225140
29 0.856500 0.343214 0.255000 0.066041
29 0.952000 0.470293 0.330000 0.074046
29 0.981000 0.421263 0.322000 0.074046
29 0.927500 0.262164 0.129000 0.068043
29 0.973500 0.515822 0.127000 0.053034
29 0.979500 0.266666 0.135000 0.109068
