29 0.473000 0.504003 0.146000 0.129129
29 0.538000 0.480480 0.160000 0.066066
29 0.492500 0.501501 0.049000 0.148148
29 0.520500 0.621621 0.047000 0.080080
29 0.553000 0.478478 0.072000 0.082082
29 0.561000 0.613112 0.060000 0.097097
29 0.587000 0.598597 0.086000 0.056056
29 0.566500 0.537037 0.033000 0.063063
29 0.592000 0.736235 0.076000 0.097097
29 0.617000 0.722721 0.084000 0.148148
29 0.633000 0.607106 0.084000 0.125125
29 0.645000 0.688187 0.092000 0.123124
29 0.649500 0.501001 0.055000 0.107107
29 0.688500 0.632631 0.129000 0.102102
29 0.752000 0.543543 0.224000 0.072072
29 0.706000 0.748747 0.086000 0.064064
29 0.792000 0.635134 0.234000 0.123124
29 0.793000 0.831330 0.156000 0.139139
29 0.791000 0.691190 0.104000 0.039039
29 0.828500 0.601100 0.107000 0.043042
29 0.858500 0.635635 0.117000 0.076076
29 0.932500 0.825324 0.211000 0.033033
29 0.903500 0.851350 0.137000 0.035035
29 0.912000 0.750249 0.150000 0.129128
29 0.939500 0.739238 0.135000 0.131131
29 0.924000 0.629629 0.056000 0.092091
29 0.966000 0.748748 0.102000 0.104104
29 0.958000 0.888387 0.082000 0.051052
29 0.950500 0.548548 0.055000 0.156155
