29 0.416000 0.197430 0.149334 0.074703
29 0.428000 0.154742 0.168000 0.096047
29 0.536000 0.132064 0.090666 0.168082
29 0.541334 0.204100 0.074667 0.173418
29 0.608000 0.213438 0.064000 0.149406
29 0.609333 0.080039 0.040000 0.117391
29 0.642666 0.121393 0.037333 0.077371
29 0.649334 0.214771 0.045333 0.125395
29 0.704000 0.209436 0.138666 0.136066
29 0.678666 0.133398 0.029333 0.042687
29 0.754667 0.229445 0.160000 0.112055
29 0.736000 0.112055 0.048000 0.074703
29 0.792000 0.149406 0.058666 0.085375
