29 0.374500 0.787500 0.293000 0.391001
29 0.372500 0.620000 0.285000 0.138000
29 0.480000 0.768000 0.360000 0.438000
29 0.444000 0.368000 0.258000 0.176000
29 0.616500 0.461000 0.459000 0.672000
29 0.516500 0.550000 0.217000 0.370000
29 0.703500 0.399500 0.293000 0.715000
29 0.757500 0.795500 0.401000 0.147000
29 0.655000 0.881500 0.184000 0.405000
29 0.704500 0.962000 0.101000 0.422000
29 0.801500 0.646000 0.229000 1.000000
29 0.845000 0.621000 0.266000 0.472001
29 0.968500 0.394500 0.341000 0.196999
29 0.909000 0.236500 0.126000 0.195000
