29 0.354000 0.517917 0.074000 0.111090
29 0.367500 0.649023 0.047000 0.209169
29 0.463000 0.552446 0.238000 0.086069
29 0.419000 0.665537 0.080000 0.138112
29 0.399500 0.690057 0.037000 0.125101
29 0.489500 0.530428 0.185000 0.074060
29 0.446500 0.659532 0.069000 0.146118
29 0.511500 0.639016 0.039000 0.141114
29 0.584000 0.645020 0.106000 0.063051
29 0.558500 0.623002 0.039000 0.041033
29 0.590500 0.570960 0.041000 0.143115
29 0.634000 0.560952 0.068000 0.035029
29 0.668000 0.621501 0.094000 0.080065
29 0.657500 0.597982 0.045000 0.043035
