29 0.069500 0.571000 0.139000 0.442000
29 0.082000 0.350000 0.164000 0.132000
29 0.191500 0.244500 0.383000 0.153000
29 0.340500 0.706000 0.681000 0.306000
29 0.084500 0.534000 0.143000 0.318000
29 0.143500 0.880500 0.157000 0.201000
29 0.114500 0.181500 0.091000 0.097001
29 0.290000 0.474000 0.410000 0.132000
29 0.273500 0.348500 0.339000 0.157000
29 0.354000 0.596000 0.500000 0.260000
29 0.485000 0.842000 0.742000 0.322000
29 0.272500 0.142500 0.217000 0.171000
29 0.413000 0.789500 0.412000 0.171000
29 0.738500 0.943000 0.479000 0.178000
29 0.956500 0.932000 0.325000 0.358000
