29 0.447000 0.490434 0.150000 0.310274
29 0.545500 0.870270 0.325000 0.207183
29 0.452000 0.724140 0.086000 0.097086
29 0.542500 0.501443 0.193000 0.386341
29 0.517000 0.303769 0.100000 0.195172
29 0.682000 0.861761 0.226000 0.084075
29 0.621500 0.249221 0.063000 0.152134
29 0.680000 0.304269 0.098000 0.246217
29 0.767000 0.740654 0.240000 0.056049
29 0.816000 0.833236 0.334000 0.109096
29 0.759500 0.283750 0.123000 0.127112
29 0.886000 0.907802 0.334000 0.094083
29 0.748500 0.353813 0.055000 0.049044
29 0.848000 0.674096 0.094000 0.201178
29 0.929000 0.616044 0.064000 0.127112
29 0.941000 0.786695 0.080000 0.230203
29 0.987500 0.594025 0.107000 0.225199
