29 0.060625 0.868125 0.121250 0.343751
29 0.083750 0.620625 0.167499 0.243750
29 0.161875 0.956875 0.151251 0.483750
29 0.185000 0.658125 0.197501 0.256249
29 0.280000 0.869375 0.237501 0.341250
29 0.294375 0.569375 0.171250 0.203750
29 0.424374 0.938125 0.363750 0.521250
29 0.301250 0.333750 0.097499 0.300000
29 0.369375 0.343750 0.166251 0.400000
29 0.566875 0.852500 0.496250 0.167500
29 0.475000 0.628750 0.187501 0.390000
29 0.518750 0.556875 0.237501 0.546251
29 0.661875 0.605000 0.151251 0.425000
