29 0.549500 0.062500 0.209000 0.071000
29 0.561000 0.125500 0.148000 0.055000
29 0.605500 0.141500 0.221000 0.219000
29 0.587000 0.023000 0.172000 0.046000
29 0.773000 0.134000 0.324000 0.196000
29 0.744500 0.332000 0.219000 0.180000
29 0.941500 0.277500 0.529000 0.111000
29 0.753500 0.140000 0.091000 0.280000
29 0.784000 0.296000 0.136000 0.058000
29 0.951500 0.158500 0.347000 0.151000
29 0.875000 0.145500 0.182000 0.087000
29 0.885500 0.042500 0.149000 0.085000
29 0.887500 0.321000 0.087000 0.070001
