29 0.238500 0.493000 0.289000 0.142000
29 0.356500 0.740500 0.347000 0.283000
29 0.268500 0.586500 0.113000 0.094999
29 0.270500 0.538500 0.039000 0.081000
29 0.310000 0.457500 0.072000 0.154999
29 0.435000 0.668500 0.290000 0.241000
29 0.437000 0.388500 0.144000 0.327000
29 0.416500 0.439000 0.095000 0.076000
29 0.471000 0.765000 0.192000 0.186000
29 0.478500 0.422500 0.145000 0.283000
29 0.625000 0.747000 0.272000 0.258000
29 0.540500 0.616000 0.095000 0.228000
29 0.536000 0.432000 0.078000 0.181999
29 0.606500 0.691500 0.203000 0.340999
29 0.561000 0.403000 0.104000 0.206000
29 0.627000 0.523000 0.112000 0.306000
29 0.677500 0.452500 0.109000 0.107000
29 0.801500 0.562000 0.333000 0.144000
29 0.668500 0.594000 0.041000 0.055999
29 0.806000 0.542500 0.246000 0.059000
29 0.722000 0.400000 0.070000 0.106000
29 0.747000 0.403000 0.062000 0.100000
29 0.787000 0.465000 0.138000 0.049999
29 0.792500 0.673500 0.103000 0.045000
29 0.861500 0.497000 0.109000 0.184000
