29 0.396250 0.596250 0.452499 0.132499
29 0.276250 0.741250 0.117501 0.242500
29 0.415000 0.626250 0.245002 0.082500
29 0.410000 0.828750 0.130000 0.342499
29 0.451250 0.711250 0.212499 0.072500
29 0.631250 0.873750 0.337501 0.067500
29 0.531250 0.436250 0.112501 0.172500
29 0.632500 0.618750 0.129998 0.317501
29 0.621250 0.493750 0.102499 0.127500
29 0.643750 0.983750 0.142501 0.107500
29 0.658750 0.442500 0.122501 0.150000
29 0.738750 0.812500 0.277499 0.175000
29 0.780000 0.766250 0.315002 0.142500
29 0.851250 0.746250 0.437501 0.172500
29 0.773750 0.460000 0.262499 0.190000
29 0.875000 0.645000 0.340000 0.165000
29 0.842501 0.952500 0.250000 0.060000
29 0.908750 0.735000 0.327501 0.090000
29 0.927500 0.612500 0.235000 0.125000
29 0.998750 0.972500 0.172501 0.185000
29 0.996250 0.567500 0.162499 0.075000
