29 0.377501 0.103750 0.100000 0.117500
29 0.355000 0.052500 0.030000 0.079999
29 0.393750 0.191250 0.047501 0.042499
29 0.552501 0.048750 0.330000 0.097500
29 0.440000 0.137500 0.040000 0.060000
29 0.516250 0.141250 0.187501 0.097500
29 0.603750 0.148750 0.122499 0.182500
29 0.587500 0.023750 0.055000 0.047500
29 0.652501 0.155000 0.130000 0.160000
29 0.815000 0.067500 0.040000 0.064999
29 0.820000 0.021250 0.030000 0.042500
29 0.860000 0.023750 0.044998 0.047500
29 0.933750 0.098750 0.067501 0.117500
29 0.960000 0.052500 0.050000 0.045000
