29 0.255469 0.789257 0.365624 0.160547
29 0.109570 0.772852 0.064453 0.043358
29 0.245508 0.662696 0.249610 0.139453
29 0.181641 0.754101 0.089063 0.064453
29 0.349219 0.846679 0.407813 0.200390
29 0.173438 0.658594 0.035156 0.051562
29 0.222656 0.648047 0.079687 0.039844
29 0.270118 0.630469 0.050390 0.025782
29 0.403125 0.583594 0.171095 0.168750
29 0.440625 0.768750 0.241405 0.288281
29 0.500977 0.590039 0.087892 0.038671
29 0.578906 0.614649 0.229687 0.123047
29 0.568359 0.581836 0.039844 0.052734
