29 0.193000 0.502559 0.260000 0.148165
29 0.152500 0.491547 0.119000 0.044049
29 0.202000 0.606174 0.192000 0.137153
29 0.246000 0.520579 0.182000 0.072080
29 0.270000 0.577642 0.082000 0.084093
29 0.345500 0.432981 0.177000 0.119132
29 0.450000 0.473027 0.320000 0.141157
29 0.418000 0.463516 0.240000 0.156174
29 0.352000 0.644217 0.098000 0.057064
29 0.341500 0.401947 0.045000 0.053059
29 0.375500 0.388933 0.031000 0.051057
29 0.437000 0.391936 0.072000 0.061068
29 0.524000 0.426975 0.188000 0.099110
29 0.493500 0.363404 0.053000 0.066074
29 0.613500 0.402448 0.101000 0.092103
