32 0.017500 0.328000 0.033000 0.020000
32 0.075500 0.017500 0.049000 0.035000
32 0.084500 0.609000 0.043000 0.082000
32 0.123500 0.018500 0.043000 0.037000
32 0.132500 0.712500 0.045000 0.043000
32 0.203500 0.543500 0.047000 0.037000
32 0.219000 0.150000 0.074000 0.070000
32 0.209500 0.664500 0.047000 0.041000
32 0.255500 0.739500 0.041000 0.035000
32 0.260500 0.545500 0.035000 0.037000
32 0.272500 0.708500 0.041000 0.035000
32 0.275500 0.084500 0.043000 0.037000
32 0.291500 0.785000 0.035000 0.028000
32 0.306500 0.429500 0.045000 0.051000
32 0.416500 0.077000 0.035000 0.056000
32 0.520000 0.039000 0.148000 0.074000
32 0.503500 0.177500 0.065000 0.043000
32 0.659500 0.194500 0.033000 0.041000
32 0.759500 0.348500 0.037000 0.037000
