31 0.072500 0.565629 0.145000 0.244272
31 0.081500 0.330368 0.163000 0.242270
31 0.161000 0.111624 0.270000 0.223248
31 0.133000 0.324861 0.162000 0.223249
31 0.181000 0.565129 0.158000 0.231257
31 0.261500 0.303838 0.193000 0.197219
31 0.358000 0.486041 0.266000 0.275307
31 0.324000 0.226752 0.158000 0.117131
31 0.366500 0.049054 0.209000 0.098109
31 0.466500 0.296330 0.197000 0.154171
31 0.511000 0.142158 0.240000 0.252281
31 0.584500 0.683260 0.207000 0.159177
31 0.626500 0.592659 0.251000 0.258287
31 0.739000 0.110623 0.226000 0.221246
31 0.770000 0.755340 0.140000 0.139155
31 0.865000 0.252280 0.256000 0.262292
31 0.917000 0.481035 0.248000 0.257287
31 0.989000 0.907010 0.238000 0.176196
