31 0.084500 0.575771 0.125000 0.197093
31 0.268500 0.944944 0.115000 0.139065
31 0.326500 0.694327 0.051000 0.066030
31 0.376000 0.975459 0.068000 0.086041
31 0.386500 0.624794 0.039000 0.073035
31 0.498500 0.837394 0.117000 0.158074
31 0.647500 0.740348 0.109000 0.136065
31 0.655500 0.460217 0.059000 0.084040
31 0.665000 0.052525 0.078000 0.105049
31 0.677000 0.226607 0.098000 0.153072
31 0.715000 0.377177 0.064000 0.070033
31 0.748000 0.759357 0.066000 0.064030
31 0.798000 0.027513 0.062000 0.055026
31 0.817500 0.502236 0.097000 0.160076
31 0.844500 0.224606 0.129000 0.133062
31 0.889000 0.493232 0.060000 0.056027
31 0.967000 0.538253 0.068000 0.142067
