32 0.022500 0.441000 0.045000 0.061999
32 0.030500 0.106000 0.061000 0.078000
32 0.033500 0.297000 0.067000 0.079999
32 0.138500 0.867500 0.267000 0.651000
32 0.075500 0.337500 0.087000 0.075000
32 0.200500 0.108000 0.147000 0.132000
32 0.223000 0.456000 0.064000 0.052001
32 0.284500 0.021500 0.107000 0.037000
32 0.437500 0.062500 0.149000 0.125000
32 0.568500 0.579000 0.333000 0.438000
32 0.482000 0.817000 0.060000 0.042000
32 0.530500 0.145500 0.145000 0.148999
32 0.640000 0.898500 0.062000 0.043001
32 0.710000 0.934500 0.054000 0.049001
32 0.832000 0.738500 0.054000 0.045000
32 0.884000 0.788000 0.066000 0.054000
32 0.898000 0.739000 0.074000 0.064000
