31 0.424218 0.979687 0.848437 0.068750
31 0.118750 0.925781 0.062499 0.076562
31 0.180469 0.913281 0.042189 0.067187
31 0.204687 0.968750 0.040626 0.050000
31 0.289062 0.913281 0.093750 0.089063
31 0.423438 0.842969 0.090626 0.110938
31 0.484375 0.905469 0.031250 0.048438
31 0.534375 0.933593 0.025000 0.026562
31 0.550782 0.889062 0.042187 0.040625
31 0.624219 0.845312 0.095312 0.100001
31 0.642969 0.929687 0.048437 0.043751
31 0.701562 0.939062 0.040626 0.046874
31 0.767188 0.927343 0.031250 0.035938
31 0.791406 0.961718 0.032813 0.045312
