31 0.050467 0.558000 0.100935 0.162000
31 0.098437 0.732000 0.196873 0.202000
31 0.103933 0.105500 0.207866 0.109000
31 0.163895 0.945000 0.327790 0.202000
31 0.240346 0.278000 0.436719 0.192000
31 0.326291 0.409500 0.500678 0.235000
31 0.477693 0.562500 0.497680 0.235000
31 0.360269 0.038000 0.228853 0.076000
31 0.572132 0.760500 0.510672 0.265000
31 0.666572 0.126500 0.425726 0.205000
31 0.799986 0.275500 0.442716 0.197000
31 0.892427 0.416000 0.353773 0.216000
31 0.946892 0.598000 0.244843 0.208000
