31 0.045500 0.487165 0.091000 0.086029
31 0.150500 0.525677 0.119000 0.111037
31 0.345000 0.817277 0.324000 0.168057
31 0.504000 0.561190 0.638000 0.242081
31 0.356000 0.033511 0.100000 0.067023
31 0.361500 0.356621 0.035000 0.035012
31 0.383500 0.338615 0.033000 0.031011
31 0.419500 0.359622 0.031000 0.033011
31 0.419500 0.915810 0.031000 0.037012
31 0.427500 0.883799 0.023000 0.027009
31 0.435500 0.861291 0.027000 0.030011
31 0.493500 0.074525 0.141000 0.115039
31 0.512000 0.204069 0.100000 0.114038
31 0.674000 0.273593 0.400000 0.209071
31 0.810500 0.687232 0.139000 0.154052
31 0.960000 0.511673 0.082000 0.091031
31 0.980500 0.829281 0.115000 0.172059
31 0.975500 0.187564 0.033000 0.031010
31 0.986000 0.219574 0.028000 0.041014
