31 0.054000 0.946500 0.046000 0.043001
31 0.099500 0.956000 0.045000 0.042000
31 0.110000 0.390000 0.054000 0.049999
31 0.137500 0.423000 0.047000 0.054000
31 0.194500 0.457000 0.053000 0.056000
31 0.389000 0.932500 0.128000 0.093000
31 0.373500 0.594500 0.031000 0.045000
31 0.433500 0.550000 0.027000 0.056000
31 0.434500 0.528500 0.029000 0.021000
31 0.469500 0.516000 0.041000 0.061999
31 0.480500 0.741000 0.043000 0.049999
31 0.495500 0.609000 0.035000 0.046001
31 0.510500 0.760000 0.045000 0.050000
31 0.524000 0.546000 0.052000 0.067999
31 0.549500 0.763000 0.033000 0.044000
31 0.557000 0.623500 0.044000 0.041000
31 0.653500 0.295000 0.219000 0.184000
31 0.753500 0.142500 0.255000 0.277001
31 0.780500 0.565500 0.175000 0.145001
