31 0.197000 0.860749 0.156000 0.094082
31 0.376500 0.583007 0.277000 0.223193
31 0.334000 0.838229 0.092000 0.053046
31 0.517000 0.677088 0.016000 0.015013
31 0.547000 0.995366 0.022000 0.027024
31 0.579000 0.696606 0.082000 0.058050
31 0.571500 0.985857 0.023000 0.024021
31 0.602500 0.992363 0.031000 0.029025
31 0.717000 0.956331 0.186000 0.203176
31 0.783500 0.695605 0.225000 0.268233
31 0.816500 0.986357 0.049000 0.037032
31 0.959000 0.963338 0.268000 0.241210
31 0.977000 0.494430 0.252000 0.146127
31 0.907500 0.986358 0.031000 0.045040
31 0.936000 0.668081 0.080000 0.037032
