32 0.058672 0.700283 0.117344 0.156373
32 0.129249 0.654391 0.122446 0.135977
32 0.247443 0.417281 0.202376 0.181870
32 0.206628 0.884702 0.110541 0.096883
32 0.306966 0.896600 0.110541 0.100284
32 0.372440 0.249008 0.190472 0.181870
32 0.469377 0.726629 0.013605 0.015298
32 0.499139 0.763173 0.011904 0.010199
32 0.503390 0.726629 0.013605 0.008498
32 0.507641 0.699433 0.011904 0.015298
32 0.514445 0.728329 0.008504 0.011898
32 0.555259 0.733427 0.015306 0.018697
32 0.586722 0.711332 0.017006 0.011898
32 0.588422 0.728329 0.013605 0.011898
32 0.694712 0.848159 0.209178 0.244759
32 0.607130 0.708782 0.017006 0.013597
32 0.758486 0.954391 0.013605 0.011898
32 0.757636 0.968839 0.008504 0.016998
