31 0.108030 0.495334 0.141372 0.134667
31 0.139371 0.350666 0.121367 0.138667
31 0.178048 0.606000 0.132036 0.124000
31 0.200722 0.683333 0.132036 0.124000
31 0.234731 0.904666 0.130702 0.137333
31 0.282077 0.340000 0.134704 0.170666
31 0.338092 0.425333 0.158711 0.176000
31 0.329424 0.907333 0.088024 0.148000
31 0.374103 0.055334 0.148041 0.110667
31 0.372768 0.736666 0.129369 0.137333
31 0.426117 0.666000 0.142706 0.140000
31 0.432785 0.588000 0.129369 0.093334
31 0.440121 0.234666 0.144039 0.186667
31 0.593496 0.876666 0.162711 0.126667
31 0.604165 0.252000 0.162711 0.170666
31 0.787549 0.863333 0.121366 0.132000
31 0.891578 0.907334 0.121366 0.137333
