31 0.429000 0.273805 0.550000 0.547609
31 0.407500 0.576642 0.093000 0.090101
31 0.809500 0.701781 0.449000 0.660735
31 0.716000 0.308844 0.098000 0.093104
31 0.736500 0.241269 0.077000 0.088098
31 0.774500 0.459511 0.121000 0.102114
31 0.783000 0.374416 0.088000 0.072080
31 0.804000 0.321358 0.090000 0.072080
31 0.809000 0.244272 0.088000 0.094105
31 0.883000 0.273805 0.092000 0.059066
31 0.898500 0.329366 0.095000 0.092103
31 0.910500 0.211735 0.115000 0.111124
31 0.965000 0.383927 0.092000 0.107120
