33 0.289136 0.681000 0.412195 0.478000
33 0.380679 0.939500 0.241113 0.279000
33 0.562765 0.178000 0.309145 0.260000
33 0.512241 0.842500 0.202095 0.183000
33 0.550760 0.737000 0.131062 0.148000
33 0.544757 0.455500 0.109051 0.131000
33 0.566767 0.748500 0.143067 0.235000
33 0.666814 0.658000 0.139065 0.230000
33 0.718838 0.558500 0.139065 0.145000
33 0.773364 0.889000 0.232109 0.128000
33 0.730844 0.511500 0.125058 0.265000
33 0.798876 0.817500 0.197093 0.139000
33 0.858404 0.715000 0.172081 0.164000
33 0.899423 0.606000 0.156073 0.120000
33 0.920933 0.346000 0.145068 0.448000
