33 0.154000 0.335360 0.114000 0.110954
33 0.220000 0.590756 0.142000 0.069972
33 0.267000 0.335360 0.106001 0.110954
33 0.283500 0.771681 0.129000 0.059975
33 0.362000 0.588256 0.132000 0.064973
33 0.381500 0.336360 0.103000 0.112954
33 0.429500 0.766683 0.137000 0.069972
33 0.496500 0.336361 0.117000 0.102957
33 0.516000 0.579260 0.133999 0.092962
33 0.578000 0.759685 0.134000 0.077968
33 0.610000 0.335361 0.096000 0.120951
33 0.661500 0.579260 0.136999 0.082966
33 0.721500 0.762684 0.136999 0.077968
33 0.717000 0.334862 0.097999 0.105957
33 0.801500 0.579260 0.137000 0.082966
33 0.829500 0.336361 0.111000 0.102957
33 0.865500 0.761185 0.136999 0.080967
33 0.952500 0.584259 0.135000 0.066972
33 0.947500 0.334862 0.109000 0.115952
