33 0.158750 0.866250 0.317499 0.150000
33 0.198750 0.707500 0.397499 0.120000
33 0.225625 0.544375 0.451250 0.131250
33 0.251875 0.429375 0.503750 0.101250
33 0.347500 0.331250 0.412501 0.047500
33 0.376250 0.286250 0.367501 0.037500
33 0.490000 0.148125 0.272499 0.086250
33 0.956250 0.740000 0.932501 0.265000
33 0.911875 0.621250 0.666250 0.102500
33 0.733750 0.467500 0.265000 0.100000
33 0.847500 0.265625 0.387499 0.116250
33 0.849375 0.215625 0.358750 0.108750
33 0.838750 0.146250 0.295000 0.090000
33 0.818750 0.093125 0.247501 0.071250
33 0.776250 0.075625 0.155000 0.068750
33 0.811875 0.055000 0.183750 0.037500
33 0.808750 0.041875 0.172501 0.018750
