33 0.225500 0.514500 0.163000 0.091001
33 0.291000 0.517500 0.202000 0.097001
33 0.300000 0.555000 0.130000 0.076001
33 0.358000 0.564000 0.126000 0.103999
33 0.385000 0.427000 0.068000 0.056000
33 0.473500 0.576500 0.233000 0.141000
33 0.420000 0.438000 0.072000 0.078000
33 0.545000 0.606500 0.244000 0.135000
33 0.500500 0.442000 0.101000 0.082000
33 0.581500 0.661500 0.147000 0.099000
33 0.621500 0.484500 0.107000 0.081000
33 0.709000 0.700500 0.192000 0.118999
33 0.689500 0.499000 0.103000 0.068000
33 0.837000 0.750000 0.250000 0.169999
33 0.793000 0.528000 0.120000 0.055999
33 0.892500 0.540500 0.149000 0.101000
33 0.988500 0.781000 0.279000 0.198000
33 0.988000 0.584000 0.126000 0.064000
