33 0.750000 0.426500 0.066000 0.155000
33 0.784500 0.359500 0.055000 0.083000
33 0.818500 0.445500 0.075000 0.166999
33 0.852000 0.342500 0.054000 0.093000
33 0.865000 0.322500 0.064000 0.075000
33 0.867000 0.389500 0.068000 0.093000
33 0.874500 0.276000 0.041000 0.060000
33 0.900500 0.469500 0.089000 0.160999
33 0.909500 0.259000 0.037000 0.060000
33 0.920000 0.319500 0.058000 0.097001
33 0.930000 0.352500 0.062000 0.081000
33 0.951000 0.395500 0.062000 0.085000
33 0.947500 0.250000 0.027000 0.074000
33 0.977500 0.493500 0.085000 0.133001
33 0.976000 0.272500 0.054000 0.091000
33 0.981000 0.343500 0.048000 0.099000
33 0.973500 0.214000 0.025000 0.052000
