26 0.30234375 0.36328125 0.15703125 0.20859375
26 0.109375 0.10703125 0.16171875 0.2125
26 0.1078125 0.35859375 0.1796875 0.2171875
26 0.1125 0.62421875 0.18125 0.24375
26 0.1125 0.8828125 0.17109375 0.234375
26 0.30625 0.88984375 0.1640625 0.2203125
26 0.30703125 0.63046875 0.1703125 0.228125
26 0.3015625 0.11015625 0.18125 0.2203125
26 0.49609375 0.11640625 0.1546875 0.21328125
26 0.50546875 0.36796875 0.16796875 0.21796875
26 0.50546875 0.62734375 0.1765625 0.23359375
26 0.50390625 0.88125 0.17890625 0.2375
26 0.69609375 0.11015625 0.17265625 0.21796875
26 0.6984375 0.3578125 0.1734375 0.23359375
26 0.70625 0.62421875 0.17578125 0.228125
26 0.7 0.87734375 0.1671875 0.2234375
26 0.88671875 0.11015625 0.1734375 0.2203125
26 0.89921875 0.3578125 0.18359375 0.23828125
26 0.896875 0.61328125 0.1796875 0.228125
26 0.89921875 0.875 0.171875 0.2359375
