43 0.634375 0.9125 0.325 0.175
43 0.2828125 0.87734375 0.3328125 0.24375
43 0.040625 0.88203125 0.08125 0.2328125
43 0.46328125 0.65234375 0.34375 0.50625
43 0.128125 0.5921875 0.25625 0.4453125
43 0.89453125 0.84140625 0.2109375 0.3140625
43 0.81015625 0.6328125 0.3796875 0.5171875
43 0.621875 0.26328125 0.3140625 0.4625
43 0.8796875 0.25546875 0.240625 0.403125
43 0.7734375 0.08984375 0.30625 0.1796875
43 0.49609375 0.0953125 0.2484375 0.190625
43 0.2375 0.0953125 0.384375 0.190625
43 0.325 0.34765625 0.3390625 0.390625
43 0.0328125 0.3046875 0.065625 0.271875
