34 0.52734375 0.3140625 0.25625 0.23828125
34 0.79140625 0.27265625 0.27421875 0.228125
34 0.503125 0.73671875 0.23828125 0.24921875
34 0.7484375 0.615625 0.24921875 0.23984375
34 0.246875 0.62109375 0.24140625 0.24375
34 0.26796875 0.378125 0.2 0.22265625
34 0.44921875 0.0984375 0.2453125 0.18828125
34 0.1046875 0.23046875 0.20078125 0.22734375
34 0.75546875 0.89609375 0.34296875 0.175
34 0.78828125 0.08984375 0.36796875 0.14609375
34 0.17734375 0.925 0.34609375 0.14765625
34 0.09609375 0.71171875 0.18046875 0.25703125
34 0.078125 0.46875 0.13671875 0.23515625
