35 0.107000 0.429358 0.088000 0.060050
35 0.129500 0.531443 0.093000 0.070058
35 0.229500 0.457381 0.165000 0.144120
35 0.282500 0.676063 0.163000 0.153127
35 0.294000 0.367306 0.086000 0.068057
35 0.362500 0.621518 0.095000 0.118098
35 0.430000 0.415847 0.116000 0.079066
35 0.510500 0.617515 0.207000 0.180150
35 0.550000 0.721601 0.190000 0.194161
35 0.522000 0.502919 0.110000 0.079066
35 0.641000 0.679066 0.140000 0.151126
35 0.800500 0.498916 0.341000 0.149124
35 0.819000 0.587990 0.192000 0.153128
