35 0.190500 0.416000 0.027000 0.024000
35 0.199500 0.564500 0.029000 0.029000
35 0.380500 0.446000 0.035000 0.022000
35 0.407500 0.401500 0.023000 0.029000
35 0.436500 0.523500 0.027000 0.028999
35 0.563500 0.529500 0.033000 0.028999
35 0.584000 0.584500 0.020000 0.015000
35 0.642500 0.380000 0.031000 0.022000
35 0.657500 0.564000 0.019000 0.018000
35 0.681500 0.377500 0.029000 0.023000
35 0.725500 0.383000 0.031000 0.038000
35 0.731500 0.011500 0.039000 0.023000
35 0.735000 0.582500 0.024000 0.019000
35 0.772000 0.404500 0.042000 0.027000
35 0.782500 0.010500 0.037000 0.021000
35 0.784500 0.381000 0.041000 0.037999
35 0.787500 0.638500 0.019000 0.019000
35 0.807500 0.051500 0.033000 0.039000
35 0.848500 0.510000 0.037000 0.040001
35 0.909500 0.333500 0.035000 0.041000
35 0.927500 0.474000 0.029000 0.037999
35 0.945500 0.341500 0.041000 0.041000
35 0.978500 0.560500 0.037000 0.037000
