40 0.139500 0.250618 0.265000 0.149069
40 0.168000 0.464718 0.244000 0.159075
40 0.200500 0.652806 0.255000 0.189089
40 0.406000 0.264624 0.236000 0.157073
40 0.429000 0.476223 0.244000 0.182086
40 0.432000 0.663311 0.218000 0.176082
40 0.669000 0.516742 0.202000 0.149069
40 0.685500 0.252618 0.223000 0.161075
40 0.681500 0.706331 0.203000 0.134062
40 0.691500 0.036017 0.223000 0.072034
40 0.938000 0.497733 0.178000 0.205096
40 0.946000 0.699327 0.182000 0.186086
40 0.968500 0.259121 0.215000 0.180084
40 0.988500 0.040519 0.225000 0.081038
