40 0.934000 0.291324 0.274000 0.258287
40 0.020500 0.901503 0.041000 0.199221
40 0.077500 0.584150 0.155000 0.299333
40 0.121000 0.308844 0.242000 0.267297
40 0.191500 0.911514 0.371000 0.309345
40 0.192000 0.114127 0.238000 0.226252
40 0.292000 0.594161 0.318000 0.299333
40 0.367500 0.305840 0.269000 0.269299
40 0.424000 0.113627 0.230000 0.227253
40 0.570500 0.920524 0.367000 0.291324
40 0.605000 0.573638 0.330000 0.324361
40 0.637500 0.297832 0.275000 0.277309
40 0.662000 0.111624 0.242000 0.223248
40 0.956000 0.916520 0.384000 0.299333
40 0.937500 0.565630 0.321000 0.328365
