40 0.658666 0.553036 0.309333 0.306503
40 0.094666 0.569028 0.189333 0.311833
40 0.096000 0.270522 0.192000 0.311832
40 0.108000 0.870200 0.216000 0.311833
40 0.113334 0.067964 0.226667 0.135927
40 0.338666 0.257195 0.325333 0.322494
40 0.356000 0.567695 0.338666 0.335820
40 0.358667 0.053305 0.312000 0.106610
40 0.384000 0.880861 0.341334 0.317163
40 0.654666 0.250532 0.349333 0.325158
40 0.662666 0.054637 0.306667 0.109275
40 0.694666 0.872865 0.322667 0.290512
40 0.966666 0.062633 0.317333 0.125266
40 0.960000 0.263858 0.298666 0.298506
40 0.981334 0.561033 0.341333 0.327824
