40 0.435000 0.467000 0.270000 0.278000
40 0.139000 0.490000 0.278000 0.328000
40 0.199000 0.245000 0.246000 0.298000
40 0.285000 0.740000 0.294000 0.304000
40 0.243000 0.149000 0.206000 0.150000
40 0.467000 0.232000 0.246000 0.288000
40 0.507000 0.145000 0.210000 0.110000
40 0.651000 0.752000 0.298000 0.324000
40 0.735000 0.237000 0.238000 0.262001
40 0.715000 0.141000 0.190000 0.106001
40 0.751000 0.468000 0.254000 0.292001
40 0.953000 0.738000 0.278000 0.312000
40 0.947000 0.146000 0.102000 0.100000
