40 0.559500 0.570134 0.413000 0.443493
40 0.066500 0.224750 0.133000 0.201224
40 0.094000 0.072581 0.188000 0.145162
40 0.179000 0.546108 0.358000 0.481536
40 0.186500 0.954562 0.373000 0.223248
40 0.235000 0.330368 0.242000 0.166186
40 0.356000 0.132147 0.402000 0.264294
40 0.546000 0.316352 0.216000 0.166185
40 0.638500 0.945052 0.383000 0.242270
40 0.653500 0.077586 0.267000 0.155172
40 0.828500 0.391936 0.375000 0.449500
40 0.823000 0.175695 0.338000 0.323360
40 0.969500 0.832427 0.369000 0.397442
