40 0.023000 0.745500 0.046000 0.151001
40 0.072000 0.614000 0.144000 0.194000
40 0.088500 0.959500 0.177000 0.235000
40 0.114000 0.531000 0.228000 0.060000
40 0.168500 0.801500 0.211000 0.205000
40 0.229000 0.661000 0.188000 0.168000
40 0.525500 0.175000 0.715000 0.350000
40 0.319000 0.958500 0.256000 0.225000
40 0.305500 0.563500 0.167000 0.143000
40 0.384500 0.769500 0.221000 0.202999
40 0.440000 0.650500 0.204000 0.171000
40 0.395000 0.508500 0.068000 0.028999
40 0.571000 0.983500 0.380000 0.275000
40 0.501000 0.544000 0.162000 0.120000
40 0.637500 0.783500 0.347000 0.219000
40 0.681000 0.642000 0.310000 0.172001
40 0.717000 0.538000 0.230000 0.104000
40 0.940500 0.976000 0.391000 0.286000
40 0.953500 0.800000 0.335000 0.194000
40 0.930000 0.536500 0.238000 0.097000
40 0.946500 0.639000 0.271000 0.178001
