40 0.409500 0.817628 0.273000 0.232178
40 0.020500 0.688029 0.041000 0.185143
40 0.038000 0.908698 0.076000 0.232179
40 0.320500 0.430831 0.211000 0.191147
40 0.377000 0.597959 0.222000 0.221170
40 0.548000 0.395804 0.198000 0.183141
40 0.588500 0.555927 0.205000 0.203155
40 0.651500 0.748575 0.255000 0.248190
40 0.760500 0.359776 0.193000 0.173133
40 0.783500 0.533409 0.199000 0.186143
40 0.910000 0.687028 0.226000 0.223172
40 0.939500 0.335257 0.175000 0.144111
40 0.954500 0.487874 0.205000 0.203156
