40 0.197000 0.587000 0.258000 0.240000
40 0.181000 0.452500 0.190000 0.119000
40 0.283500 0.380000 0.175000 0.144000
40 0.350500 0.718000 0.281000 0.234000
40 0.376500 0.510000 0.175000 0.181999
40 0.403500 0.292500 0.171000 0.097001
40 0.423000 0.387000 0.170000 0.130001
40 0.546000 0.831500 0.250000 0.279000
40 0.558500 0.264500 0.147000 0.091000
40 0.570500 0.355500 0.151000 0.160999
40 0.663000 0.668500 0.232000 0.237000
40 0.689500 0.235500 0.145000 0.099000
40 0.784000 0.844500 0.264000 0.249000
40 0.791000 0.327500 0.124000 0.159000
40 0.817000 0.239500 0.134000 0.103000
40 0.902500 0.678500 0.223000 0.213000
