40 0.308500 0.310500 0.179000 0.135000
40 0.459500 0.924000 0.271000 0.256001
40 0.445500 0.221000 0.157000 0.136000
40 0.478000 0.352500 0.180000 0.163001
40 0.550000 0.158000 0.172000 0.172000
40 0.614000 0.402000 0.192000 0.199999
40 0.673000 0.843000 0.252000 0.256001
40 0.639000 0.073500 0.164000 0.147000
40 0.658500 0.223000 0.169000 0.166000
40 0.746500 0.108500 0.147000 0.159000
40 0.783000 0.446000 0.190000 0.198000
40 0.809500 0.308000 0.191000 0.170000
40 0.857000 0.169000 0.186000 0.178000
40 0.896500 0.517500 0.211000 0.213000
40 0.977000 0.234500 0.182000 0.179000
