40 0.197000 0.362904 0.342000 0.333371
40 0.042000 0.497053 0.084000 0.273305
40 0.089000 0.139155 0.178000 0.278310
40 0.100500 0.807899 0.201000 0.356397
40 0.181000 0.988099 0.342000 0.156174
40 0.305500 0.641214 0.361000 0.357398
40 0.322500 0.109622 0.359000 0.219244
40 0.485500 0.890992 0.373000 0.350390
40 0.550000 0.278310 0.334000 0.328365
40 0.654000 0.570635 0.414000 0.420468
40 0.735000 0.097108 0.326000 0.194216
40 0.853500 0.910513 0.407000 0.311347
40 0.873000 0.304839 0.386000 0.373415
40 0.976500 0.631202 0.379000 0.377420
