40 0.275500 0.821500 0.213000 0.221000
40 0.344500 0.402500 0.261000 0.223000
40 0.351500 0.669500 0.275000 0.223000
40 0.364000 0.946500 0.230000 0.231000
40 0.360000 0.536000 0.176000 0.064000
40 0.535500 0.451500 0.295000 0.267000
40 0.534500 0.303500 0.223000 0.111000
40 0.560500 0.740000 0.275000 0.248000
40 0.580000 0.139500 0.314000 0.201000
40 0.801000 0.988000 0.252000 0.248000
40 0.834500 0.412500 0.277000 0.220999
40 0.818000 0.264500 0.236000 0.137000
40 0.836500 0.713000 0.257000 0.236000
40 0.979000 0.599500 0.252000 0.215000
