40 0.934000 0.844940 0.210000 0.222247
40 0.017500 0.421469 0.035000 0.082091
40 0.022500 0.325362 0.045000 0.066074
40 0.060000 0.370412 0.104000 0.102113
40 0.066500 0.252782 0.113000 0.097108
40 0.171000 0.812904 0.178000 0.182203
40 0.196500 0.604673 0.169000 0.156174
40 0.213000 0.450501 0.148000 0.140156
40 0.243000 0.345885 0.158000 0.143159
40 0.281500 0.221747 0.129000 0.149166
40 0.330000 0.812904 0.180000 0.182203
40 0.347000 0.631703 0.170000 0.164184
40 0.349000 0.481536 0.150000 0.152169
40 0.387000 0.345385 0.140000 0.158176
40 0.498000 0.807899 0.184000 0.180200
40 0.498000 0.620691 0.172000 0.168188
40 0.511000 0.471525 0.154000 0.156173
40 0.509000 0.198220 0.138000 0.144160
40 0.527500 0.329366 0.153000 0.160178
40 0.672500 0.814907 0.205000 0.198220
40 0.662000 0.318354 0.152000 0.162180
40 0.670000 0.623194 0.168000 0.181202
40 0.692500 0.471025 0.155000 0.139155
40 0.690500 0.185206 0.147000 0.158176
40 0.893500 0.335874 0.155000 0.147163
40 0.902000 0.462014 0.164000 0.157175
40 0.905000 0.631202 0.170000 0.181201
