40 0.360500 0.528148 0.139000 0.127155
40 0.419000 0.640786 0.162000 0.148182
40 0.408500 0.431029 0.133000 0.117144
40 0.502000 0.355936 0.148000 0.111136
40 0.558500 0.244800 0.125000 0.111136
40 0.608500 0.486096 0.147000 0.113138
40 0.641000 0.743912 0.160000 0.144178
40 0.671000 0.311382 0.134000 0.100123
40 0.703000 0.599235 0.156000 0.121149
40 0.749000 0.411004 0.166000 0.115141
40 0.845000 0.759932 0.174000 0.140171
40 0.836500 0.216265 0.119000 0.110135
40 0.907500 0.319892 0.123000 0.105129
40 0.939500 0.467573 0.129000 0.130160
40 0.960000 0.612251 0.162000 0.135165
