40 0.210000 0.757000 0.184000 0.190000
40 0.233500 0.931500 0.211000 0.208999
40 0.342000 0.529500 0.234000 0.202999
40 0.326000 0.831500 0.196000 0.191000
40 0.353500 0.192000 0.235000 0.168000
40 0.362000 0.434500 0.190000 0.103000
40 0.431000 0.941000 0.188000 0.194000
40 0.475500 0.623000 0.227000 0.194000
40 0.524000 0.297000 0.250000 0.199999
40 0.568500 0.184000 0.223000 0.188000
40 0.626500 0.092500 0.227000 0.171000
40 0.656500 0.948500 0.213000 0.205000
40 0.721500 0.612000 0.239000 0.186000
40 0.779000 0.202500 0.240000 0.220999
40 0.821000 0.846000 0.190000 0.144000
40 0.842500 0.482000 0.213000 0.232000
40 0.865500 0.988500 0.213000 0.211001
40 0.866000 0.764500 0.104000 0.101000
40 0.987000 0.828500 0.222000 0.171000
40 0.939500 0.678500 0.055000 0.107000
