40 0.032500 0.591158 0.065000 0.281313
40 0.068500 0.309845 0.137000 0.281313
40 0.139000 0.158176 0.278000 0.236264
40 0.200500 0.605674 0.381000 0.474528
40 0.227000 0.375918 0.414000 0.313349
40 0.310500 0.222748 0.351000 0.311347
40 0.418000 0.764350 0.422000 0.501558
40 0.360500 0.073582 0.283000 0.147164
40 0.538500 0.167186 0.283000 0.238266
40 0.549000 0.389934 0.304000 0.297330
40 0.657500 0.583650 0.365000 0.492549
40 0.877000 0.737821 0.426000 0.476530
40 0.895500 0.444495 0.349000 0.226251
