40 0.308500 0.724543 0.295000 0.259015
40 0.055000 0.749544 0.110000 0.253015
40 0.114500 0.170510 0.229000 0.229013
40 0.123000 0.616536 0.246000 0.285017
40 0.281500 0.056503 0.351000 0.113007
40 0.358500 0.555533 0.275000 0.205012
40 0.503000 0.173510 0.334000 0.211012
40 0.545000 0.056503 0.230000 0.113007
40 0.662000 0.712542 0.398000 0.265015
40 0.788000 0.085005 0.298000 0.170010
40 0.689500 0.488029 0.097000 0.222013
40 0.815500 0.416525 0.287000 0.233014
40 0.946000 0.541532 0.318000 0.185012
