40 0.052210 0.609269 0.104421 0.261236
40 0.059790 0.359831 0.119579 0.170225
40 0.060631 0.479494 0.121262 0.197191
40 0.078316 0.262921 0.156632 0.165168
40 0.310737 0.109551 0.621474 0.219101
40 0.223158 0.634550 0.294738 0.298314
40 0.246737 0.232584 0.250949 0.053933
40 0.257684 0.343820 0.242526 0.178651
40 0.269474 0.483708 0.266106 0.185393
40 0.514526 0.342978 0.247578 0.197191
40 0.521263 0.443259 0.254315 0.229213
40 0.505263 0.228370 0.212210 0.193820
40 0.546526 0.633708 0.291370 0.337079
