45 0.563672 0.485937 0.617969 0.303125
45 0.446094 0.193359 0.204688 0.128906
45 0.495313 0.324219 0.278125 0.067187
45 0.556641 0.445312 0.344531 0.125000
45 0.587891 0.558203 0.472656 0.394531
45 0.477734 0.571094 0.246094 0.573438
45 0.450781 0.548828 0.182813 0.310156
45 0.333203 0.594531 0.005469 0.432812
45 0.344531 0.550391 0.064063 0.697656
45 0.267969 0.485156 0.114063 0.139062
45 0.264844 0.379688 0.176563 0.146875
45 0.352344 0.321875 0.020313 0.203125
45 0.382031 0.419531 0.042187 0.057812