45 0.078516 0.573438 0.052344 0.142188
45 0.280859 0.200391 0.038281 0.133594
45 0.285156 0.316016 0.023438 0.080469
45 0.292969 0.443750 0.004687 0.298438
45 0.282422 0.569922 0.019531 0.580469
45 0.418750 0.557031 0.256250 0.657813
45 0.397656 0.512500 0.279687 0.384375
45 0.503516 0.520703 0.539844 0.410156
45 0.511328 0.561328 0.549219 0.632031
45 0.494922 0.404687 0.586719 0.075000
45 0.519922 0.280469 0.463281 0.182813
45 0.394141 0.269141 0.294531 0.175781
45 0.416406 0.365234 0.307812 0.100781