46 0.653906 0.158594 0.287500 0.140625
46 0.296094 0.139063 0.275000 0.143750
46 0.300781 0.636719 0.289062 0.115625
46 0.536719 0.901563 0.153125 0.134375
46 0.557813 0.054688 0.246875 0.107813
46 0.606250 0.412500 0.271875 0.135937
46 0.581250 0.568750 0.253125 0.093750
46 0.106250 0.078125 0.200000 0.131250
46 0.313281 0.392188 0.225000 0.118750
46 0.310937 0.251563 0.287500 0.121875
46 0.517188 0.783594 0.187500 0.081250
46 0.585938 0.682031 0.293750 0.131250
46 0.309375 0.874219 0.332813 0.089063
46 0.335938 0.953125 0.329688 0.092188
46 0.277344 0.778906 0.303125 0.120313
