46 0.236719 0.247656 0.209375 0.299219
46 0.421094 0.266406 0.214062 0.278906
46 0.604688 0.290625 0.171094 0.206250
46 0.078125 0.163281 0.155469 0.153125
46 0.248438 0.071875 0.178125 0.143750
46 0.103906 0.285156 0.203125 0.240625
46 0.507031 0.176563 0.142187 0.129688
46 0.546094 0.099219 0.132031 0.162500
46 0.410156 0.082812 0.137500 0.132031
46 0.084375 0.068750 0.164844 0.135937
46 0.821875 0.092969 0.150000 0.150000
46 0.803906 0.193750 0.135156 0.113281
46 0.439844 0.591406 0.207031 0.160156
46 0.653906 0.174219 0.132031 0.134375
46 0.097656 0.480469 0.175000 0.113281
46 0.924219 0.286719 0.142187 0.204687
46 0.760156 0.296875 0.154688 0.190625
46 0.931250 0.619531 0.137500 0.188281
46 0.715625 0.111719 0.110156 0.154688
46 0.763281 0.752344 0.175000 0.150781
46 0.227344 0.675781 0.210938 0.176563
46 0.090625 0.782813 0.180469 0.181250
46 0.253125 0.521875 0.202344 0.124219
46 0.786719 0.627344 0.148438 0.142969
46 0.625000 0.635938 0.181250 0.171875
46 0.931250 0.171094 0.137500 0.123438
46 0.902344 0.901563 0.194531 0.188281
46 0.477344 0.760938 0.260937 0.189844
46 0.950781 0.096094 0.091406 0.077344
46 0.279687 0.858594 0.246094 0.189844
46 0.632812 0.469531 0.178906 0.160938
46 0.460156 0.476562 0.146094 0.072656
46 0.944531 0.446094 0.110937 0.132812
46 0.918750 0.048438 0.123438 0.095312
46 0.528125 0.933594 0.225000 0.127344
46 0.666406 0.862500 0.149219 0.153906
46 0.782813 0.475000 0.160938 0.142969
