46 0.858594 0.816406 0.253125 0.159375
46 0.639844 0.645312 0.218750 0.121875
46 0.167187 0.892188 0.238281 0.182812
46 0.661719 0.791406 0.278125 0.162500
46 0.850781 0.669531 0.264062 0.135156
46 0.384375 0.222656 0.218750 0.190625
46 0.647656 0.506250 0.264844 0.160156
46 0.865625 0.520312 0.253906 0.158594
46 0.292187 0.708594 0.217188 0.170313
46 0.826562 0.203125 0.193750 0.162500
46 0.500781 0.366406 0.250000 0.226562
46 0.902344 0.078906 0.183594 0.140625
46 0.488281 0.612500 0.198437 0.145313
46 0.089844 0.749219 0.171875 0.225000
46 0.741406 0.059375 0.268750 0.117188
46 0.712500 0.938281 0.150781 0.117188
46 0.481250 0.077344 0.232031 0.152344
46 0.866406 0.946094 0.187500 0.101562
46 0.143750 0.560937 0.241406 0.181250
46 0.535156 0.932813 0.225781 0.126562
46 0.365625 0.532813 0.195312 0.151562
46 0.626563 0.179688 0.253125 0.180469
46 0.725000 0.344531 0.234375 0.172656
46 0.141406 0.171094 0.282031 0.316406
46 0.242969 0.392188 0.242969 0.200781
46 0.423438 0.857031 0.250781 0.208594
46 0.057813 0.386719 0.112500 0.222656
