46 0.798438 0.504687 0.082031 0.095312
46 0.400000 0.550000 0.094531 0.102344
46 0.852344 0.581250 0.087500 0.106250
46 0.300000 0.697656 0.072656 0.116406
46 0.735938 0.521875 0.077344 0.105469
46 0.587500 0.556250 0.089063 0.112500
46 0.318750 0.497656 0.071875 0.082031
46 0.249219 0.504687 0.074219 0.086719
46 0.657031 0.522656 0.092969 0.109375
46 0.790625 0.603125 0.089063 0.103906
46 0.489844 0.676562 0.084375 0.117188
46 0.658594 0.634375 0.087500 0.113281
46 0.370312 0.709375 0.073438 0.107813
46 0.285156 0.600781 0.073438 0.145313
46 0.209375 0.607031 0.087500 0.141406
46 0.729688 0.623437 0.089063 0.106250
46 0.519531 0.578125 0.078906 0.121875
46 0.836719 0.678906 0.076563 0.103906
46 0.571875 0.654687 0.081250 0.118750
46 0.633594 0.730469 0.087500 0.117969
46 0.344531 0.596094 0.064062 0.110937
46 0.474219 0.784375 0.085938 0.131250
46 0.264062 0.784375 0.078906 0.128906
46 0.896875 0.661719 0.074219 0.100000
46 0.335156 0.799219 0.070312 0.119531
46 0.403906 0.792969 0.073438 0.125000
46 0.707812 0.716406 0.082031 0.113281
46 0.774219 0.696875 0.081250 0.107031
46 0.548438 0.754687 0.079687 0.121875
