46 0.178125 0.688281 0.356250 0.250000
46 0.616406 0.383594 0.251563 0.135937
46 0.603125 0.221875 0.237500 0.171875
46 0.154688 0.502344 0.296875 0.226562
46 0.612500 0.696094 0.292187 0.151562
46 0.599219 0.077344 0.275000 0.153125
46 0.141406 0.303906 0.270313 0.214062
46 0.139063 0.109375 0.265625 0.215625
46 0.173437 0.871875 0.340625 0.159375
46 0.609375 0.940625 0.251563 0.118750
46 0.613281 0.825781 0.287500 0.143750
46 0.631250 0.564063 0.300000 0.140625
46 0.642969 0.445312 0.268750 0.114062
46 0.327344 0.305469 0.203125 0.171875
46 0.885938 0.475000 0.196875 0.118750
46 0.891406 0.207813 0.207813 0.120313
46 0.429688 0.188281 0.234375 0.165625
46 0.428906 0.659375 0.175000 0.142187
46 0.728906 0.193750 0.121875 0.120313
46 0.385156 0.943750 0.235937 0.112500
46 0.355469 0.467969 0.212500 0.175000
46 0.397656 0.057031 0.207813 0.112500
