49 0.019000 0.260000 0.038000 0.108000
49 0.020000 0.260000 0.040000 0.108000
49 0.060000 0.874000 0.092000 0.072000
49 0.091000 0.465000 0.154000 0.157999
49 0.049000 0.971000 0.062000 0.042000
49 0.054000 0.971000 0.068000 0.034000
49 0.061000 0.423000 0.046000 0.061999
49 0.102000 0.174000 0.088000 0.067999
49 0.103000 0.176000 0.086000 0.064000
49 0.126000 0.688000 0.112000 0.104000
49 0.118000 0.429000 0.080000 0.085999
49 0.134000 0.685000 0.112000 0.114000
49 0.187000 0.279000 0.202000 0.190001
49 0.187000 0.282000 0.194000 0.192000
49 0.118000 0.500000 0.048000 0.056000
49 0.166000 0.938000 0.060000 0.072000
49 0.168000 0.931000 0.060000 0.082000
49 0.246000 0.870000 0.096000 0.100001
49 0.249000 0.878000 0.094000 0.096000
49 0.367000 0.872000 0.150000 0.116000
49 0.334000 0.893000 0.076000 0.074000
49 0.368000 0.572000 0.112000 0.124000
49 0.370000 0.574000 0.108000 0.120000
49 0.367000 0.865000 0.066000 0.070000
49 0.432000 0.101000 0.076000 0.090000
49 0.434000 0.098000 0.072000 0.092000
49 0.451000 0.562000 0.086000 0.092000
49 0.448000 0.559000 0.072000 0.098000
49 0.455000 0.670000 0.070000 0.080000
49 0.456000 0.675000 0.068000 0.066000
49 0.528000 0.895000 0.128000 0.158000
49 0.529000 0.235000 0.090000 0.090000
49 0.519000 0.681000 0.066000 0.094001
49 0.524000 0.680000 0.072000 0.092000
49 0.531000 0.230000 0.082000 0.084000
49 0.594000 0.591000 0.104000 0.094001
49 0.626000 0.391000 0.160000 0.114000
49 0.632000 0.393000 0.168000 0.118001
49 0.600000 0.571000 0.092000 0.130000
49 0.657000 0.508000 0.134000 0.124000
49 0.658000 0.512000 0.132000 0.120000
49 0.689000 0.903000 0.138000 0.166001
49 0.691000 0.898000 0.134000 0.168000
49 0.771000 0.875000 0.290000 0.490000
49 0.721000 0.771000 0.130000 0.121999
49 0.723000 0.665000 0.094000 0.090000
49 0.731000 0.577000 0.058000 0.074000
49 0.731000 0.576000 0.058000 0.064001
49 0.734000 0.070000 0.048000 0.040000
49 0.734000 0.063000 0.036000 0.049999
49 0.794000 0.849000 0.120000 0.150000
49 0.786000 0.129000 0.036000 0.046001
49 0.858000 0.957000 0.112000 0.109999
49 0.874000 0.539000 0.128000 0.114000
49 0.898000 0.787000 0.136000 0.154000
49 0.900000 0.785000 0.128000 0.158000
49 0.910000 0.452000 0.128000 0.124000
49 0.915000 0.447000 0.122000 0.114000
49 0.947000 0.708000 0.118000 0.112001
49 0.956000 0.700000 0.132000 0.128000
49 0.973000 0.452000 0.042000 0.092000
49 0.980000 0.450000 0.036000 0.076001
