53 0.755208 0.600586 0.052083 0.037109
53 0.704861 0.590820 0.055556 0.064453
53 0.661458 0.587891 0.072917 0.078125
53 0.600694 0.588867 0.069444 0.083984
53 0.548611 0.585938 0.062500 0.089844
53 0.494792 0.583984 0.059028 0.089844
53 0.440972 0.583984 0.062500 0.085938
53 0.387153 0.583984 0.072917 0.085938
53 0.376736 0.664062 0.052083 0.078125
53 0.432292 0.664551 0.065972 0.071289
53 0.482639 0.666992 0.062500 0.076172
53 0.539931 0.671875 0.065972 0.082031
53 0.590278 0.672852 0.062500 0.083984
53 0.649306 0.670898 0.062500 0.080078
53 0.708333 0.670410 0.062500 0.059570
53 0.762153 0.662109 0.059028 0.058594
53 0.706597 0.734375 0.059028 0.035156
53 0.649306 0.742188 0.062500 0.078125
53 0.597222 0.748047 0.069444 0.078125
53 0.534722 0.750000 0.076389 0.082031
53 0.472222 0.751953 0.069444 0.089844
53 0.411458 0.750000 0.072917 0.093750
53 0.345486 0.741211 0.065972 0.099609
53 0.333333 0.580078 0.069444 0.078125
53 0.279514 0.581055 0.072917 0.064453
