53 0.310764 0.570801 0.059028 0.067383
53 0.359375 0.570312 0.059028 0.078125
53 0.413194 0.578125 0.062500 0.082031
53 0.467014 0.578613 0.052083 0.086914
53 0.520833 0.573242 0.055556 0.087891
53 0.569444 0.573242 0.055556 0.087891
53 0.619792 0.581055 0.059028 0.083984
53 0.670139 0.587891 0.055556 0.078125
53 0.711806 0.590820 0.048611 0.064453
53 0.756944 0.595703 0.048611 0.035156
53 0.770833 0.661133 0.055556 0.056641
53 0.710069 0.666016 0.065972 0.058594
53 0.657986 0.666992 0.059028 0.076172
53 0.602431 0.672852 0.059028 0.087891
53 0.550347 0.664062 0.059028 0.082031
53 0.496528 0.663086 0.055556 0.076172
53 0.442708 0.658203 0.059028 0.070312
53 0.388889 0.657715 0.055556 0.073242
53 0.348958 0.643555 0.052083 0.068359
53 0.302083 0.640137 0.048611 0.053711
53 0.362847 0.735352 0.065972 0.099609
53 0.420139 0.738281 0.076389 0.093750
53 0.480903 0.741699 0.086806 0.081055
53 0.642361 0.745117 0.076389 0.080078
53 0.690972 0.746094 0.069444 0.082031
53 0.750000 0.737305 0.062500 0.033203
