53 0.382031 0.392187 0.367188 0.412500
53 0.347266 0.516016 0.286719 0.582031
53 0.403516 0.452734 0.474219 0.561719
53 0.250000 0.369922 0.151563 0.378906
53 0.199219 0.310937 0.101562 0.278125
53 0.273828 0.425781 0.244531 0.501562
53 0.425781 0.331250 0.481250 0.345313
53 0.464453 0.399219 0.577344 0.459375
53 0.329297 0.321484 0.299219 0.325781
53 0.369141 0.267969 0.435156 0.246875
53 0.275391 0.281250 0.242969 0.268750
53 0.323437 0.230469 0.346875 0.217187
53 0.297656 0.203125 0.298438 0.150000
53 0.239063 0.234766 0.189063 0.213281
