53 0.340919 0.628650 0.269984 0.213400
53 0.647142 0.507347 0.194209 0.219753
53 0.596164 0.649767 0.106404 0.148933
53 0.490944 0.626427 0.118187 0.262300
53 0.324410 0.399692 0.151784 0.186723
53 0.251311 0.349677 0.143804 0.082247
53 0.440763 0.537512 0.236340 0.124483
53 0.398333 0.428592 0.199631 0.182277
53 0.467017 0.343990 0.213482 0.190907
53 0.530766 0.310657 0.166042 0.124240
53 0.750424 0.429702 0.196187 0.180057
53 0.650849 0.255370 0.133427 0.129260
53 0.521869 0.213698 0.109707 0.112603
