53 0.372656 0.392188 0.256250 0.403125
53 0.241797 0.343359 0.133594 0.255469
53 0.390234 0.545703 0.408594 0.705469
53 0.403516 0.353906 0.435156 0.271875
53 0.131641 0.229297 0.083594 0.138281
53 0.390625 0.242578 0.506250 0.178906
53 0.173437 0.475391 0.075000 0.564844
53 0.493750 0.437500 0.695312 0.514063
53 0.215234 0.514453 0.208594 0.742969
53 0.364453 0.114062 0.528906 0.032812
53 0.128125 0.147266 0.053125 0.028906
53 0.428906 0.133594 0.618750 0.010938
53 0.513672 0.396484 0.788281 0.457031
53 0.198047 0.110937 0.167969 0.014062
53 0.527734 0.342578 0.791406 0.339844
53 0.211328 0.215234 0.194531 0.130469
53 0.274219 0.103516 0.331250 0.049219
53 0.510156 0.201172 0.737500 0.119531
53 0.495313 0.276953 0.773438 0.227344
