53 0.815556 0.882222 0.280000 0.231111
53 0.391111 0.895556 0.333333 0.204444
53 0.550000 0.803333 0.300000 0.264444
53 0.210000 0.790000 0.286667 0.251111
53 0.124444 0.667778 0.177778 0.202222
53 0.171111 0.491111 0.213333 0.173333
53 0.285556 0.565556 0.180000 0.206667
53 0.404444 0.622222 0.182222 0.240000
53 0.600000 0.604444 0.231111 0.226667
53 0.808889 0.675556 0.235556 0.208889
53 0.934444 0.691111 0.126667 0.226667
53 0.268889 0.351111 0.240000 0.195556
53 0.450000 0.396667 0.251111 0.184444
53 0.612222 0.432222 0.228889 0.162222
53 0.875556 0.506667 0.231111 0.200000
53 0.416667 0.276667 0.211111 0.144444
53 0.611111 0.322222 0.240000 0.115556
53 0.602222 0.227778 0.208889 0.091111
53 0.784444 0.231111 0.186667 0.097778
53 0.846667 0.375556 0.253333 0.173333
53 0.968889 0.477778 0.057778 0.186667
