53 0.291667 0.583008 0.076389 0.068359
53 0.361111 0.584473 0.062500 0.083008
53 0.416667 0.573242 0.062500 0.083984
53 0.472222 0.568848 0.055556 0.090820
53 0.526042 0.571289 0.059028 0.091797
53 0.579861 0.567383 0.055556 0.091797
53 0.635417 0.570312 0.069444 0.085938
53 0.685764 0.577148 0.065972 0.076172
53 0.730903 0.578125 0.059028 0.062500
53 0.770833 0.590820 0.048611 0.041016
53 0.270833 0.650391 0.055556 0.058594
53 0.317708 0.658203 0.052083 0.070312
53 0.366319 0.667969 0.052083 0.078125
53 0.418403 0.656250 0.059028 0.074219
53 0.470486 0.654297 0.059028 0.078125
53 0.524306 0.659668 0.062500 0.081055
53 0.574653 0.662109 0.059028 0.089844
53 0.633681 0.655273 0.059028 0.080078
53 0.685764 0.653320 0.072917 0.064453
53 0.743056 0.660645 0.055556 0.059570
53 0.793403 0.647461 0.052083 0.044922
53 0.394097 0.750977 0.065972 0.099609
53 0.456597 0.752930 0.072917 0.091797
53 0.515625 0.757812 0.065972 0.085938
53 0.574653 0.753906 0.072917 0.082031
53 0.633681 0.751953 0.065972 0.078125
53 0.684028 0.733398 0.055556 0.080078
