53 0.699653 0.174316 0.288194 0.114258
53 0.765625 0.252441 0.288194 0.102539
53 0.671875 0.299316 0.364583 0.098633
53 0.659722 0.373047 0.388889 0.078125
53 0.619792 0.442383 0.392361 0.111328
53 0.590278 0.545898 0.361111 0.083984
53 0.673611 0.675293 0.381944 0.096680
53 0.690972 0.767090 0.409722 0.100586
53 0.376736 0.188477 0.274306 0.130859
53 0.324653 0.232422 0.260417 0.078125
53 0.387153 0.299805 0.225694 0.080078
53 0.295139 0.357910 0.284722 0.102539
53 0.270833 0.426758 0.319444 0.119141
53 0.208333 0.661621 0.347222 0.112305
53 0.178819 0.767578 0.329861 0.160156
