53 0.284722 0.582031 0.062500 0.070312
53 0.331597 0.580566 0.072917 0.079102
53 0.385417 0.583984 0.069444 0.085938
53 0.442708 0.584961 0.059028 0.083984
53 0.494792 0.583984 0.059028 0.089844
53 0.548611 0.585938 0.062500 0.089844
53 0.602431 0.589355 0.072917 0.084961
53 0.659722 0.588867 0.076389 0.076172
53 0.701389 0.590820 0.048611 0.064453
53 0.755208 0.600586 0.052083 0.037109
53 0.286458 0.658203 0.052083 0.058594
53 0.333333 0.654297 0.048611 0.070312
53 0.376736 0.664062 0.052083 0.078125
53 0.432292 0.665039 0.065972 0.072266
53 0.484375 0.666992 0.059028 0.076172
53 0.539931 0.671875 0.065972 0.082031
53 0.590278 0.672852 0.062500 0.083984
53 0.647569 0.669922 0.059028 0.078125
53 0.706597 0.669434 0.065972 0.061523
53 0.762153 0.662109 0.059028 0.058594
53 0.345486 0.740234 0.065972 0.101562
53 0.411458 0.749023 0.072917 0.095703
53 0.472222 0.751465 0.069444 0.088867
53 0.532986 0.750000 0.072917 0.082031
53 0.597222 0.747070 0.069444 0.076172
53 0.645833 0.741211 0.062500 0.076172
53 0.706597 0.734375 0.059028 0.035156
