53 0.203906 0.360938 0.134375 0.331250
53 0.349219 0.352344 0.270313 0.462500
53 0.253906 0.262109 0.300000 0.261719
53 0.260937 0.400000 0.134375 0.460938
53 0.388672 0.443750 0.405469 0.507812
53 0.328516 0.286328 0.303906 0.399219
53 0.379687 0.277734 0.515625 0.371094
53 0.225781 0.288281 0.121875 0.321875
53 0.497656 0.289062 0.584375 0.382812
53 0.138672 0.259375 0.091406 0.307812
53 0.395703 0.232031 0.580469 0.310937
53 0.290625 0.460938 0.223438 0.512500
53 0.426172 0.356250 0.588281 0.478125
53 0.207422 0.273828 0.225781 0.416406
53 0.312109 0.233594 0.417969 0.315625
53 0.330078 0.202734 0.474219 0.249219
53 0.205469 0.387109 0.003125 0.421094
53 0.100000 0.333594 0.059375 0.475000
53 0.104297 0.379688 0.055469 0.565625
53 0.469531 0.264844 0.770313 0.410938
