53 0.342014 0.589844 0.065972 0.082031
53 0.277778 0.587891 0.076389 0.070312
53 0.409722 0.573242 0.062500 0.083984
53 0.468750 0.570312 0.055556 0.089844
53 0.526042 0.572266 0.059028 0.089844
53 0.578125 0.566406 0.059028 0.089844
53 0.633681 0.566406 0.065972 0.085938
53 0.689236 0.570312 0.065972 0.078125
53 0.741319 0.568359 0.059028 0.062500
53 0.776042 0.590820 0.052083 0.041016
53 0.265625 0.672852 0.045139 0.056641
53 0.307292 0.675293 0.059028 0.069336
53 0.378472 0.669922 0.062500 0.074219
53 0.425347 0.657227 0.059028 0.072266
53 0.477431 0.656250 0.059028 0.078125
53 0.531250 0.659668 0.062500 0.081055
53 0.583333 0.662109 0.062500 0.089844
53 0.640625 0.655273 0.059028 0.080078
53 0.691840 0.652344 0.064236 0.066406
53 0.751736 0.659180 0.059028 0.060547
53 0.795139 0.642090 0.048611 0.041992
53 0.399306 0.754883 0.076389 0.099609
53 0.463542 0.754883 0.072917 0.091797
53 0.526042 0.759766 0.072917 0.085938
53 0.586806 0.758301 0.076389 0.079102
53 0.647569 0.750977 0.065972 0.076172
53 0.699653 0.732422 0.065972 0.078125
