53 0.741319 0.568359 0.059028 0.062500
53 0.777778 0.591797 0.055556 0.039062
53 0.795139 0.642578 0.048611 0.042969
53 0.751736 0.659180 0.059028 0.060547
53 0.692708 0.569824 0.059028 0.077148
53 0.637153 0.566406 0.072917 0.085938
53 0.640625 0.655273 0.059028 0.080078
53 0.691840 0.652344 0.064236 0.066406
53 0.699653 0.732422 0.065972 0.078125
53 0.397569 0.755859 0.072917 0.097656
53 0.463542 0.754883 0.072917 0.091797
53 0.425347 0.658203 0.059028 0.070312
53 0.378472 0.673828 0.076389 0.074219
53 0.307292 0.675781 0.059028 0.070312
53 0.260417 0.672852 0.062500 0.056641
53 0.477431 0.656250 0.059028 0.078125
53 0.258681 0.590820 0.059028 0.068359
53 0.307292 0.583984 0.059028 0.082031
53 0.364583 0.578613 0.062500 0.083008
53 0.414931 0.581055 0.072917 0.087891
53 0.479167 0.573730 0.076389 0.084961
53 0.569444 0.570312 0.090278 0.089844
53 0.649306 0.750977 0.062500 0.076172
