53 0.291667 0.577148 0.062500 0.068359
53 0.340278 0.572754 0.069444 0.079102
53 0.394097 0.581543 0.072917 0.084961
53 0.447917 0.586914 0.062500 0.083984
53 0.505208 0.585938 0.052083 0.089844
53 0.557292 0.584961 0.059028 0.091797
53 0.609375 0.591797 0.059028 0.085938
53 0.659722 0.591797 0.062500 0.078125
53 0.701389 0.594238 0.055556 0.063477
53 0.746528 0.600098 0.048611 0.036133
53 0.279514 0.648438 0.059028 0.054688
53 0.328125 0.656250 0.059028 0.070312
53 0.376736 0.665039 0.052083 0.076172
53 0.430556 0.665527 0.062500 0.069336
53 0.484375 0.669922 0.059028 0.078125
53 0.538194 0.671875 0.062500 0.082031
53 0.592014 0.676758 0.065972 0.083984
53 0.651042 0.674805 0.065972 0.076172
53 0.708333 0.668945 0.062500 0.064453
53 0.763889 0.665039 0.055556 0.056641
53 0.364583 0.748047 0.062500 0.101562
53 0.418403 0.748047 0.072917 0.093750
53 0.472222 0.754883 0.062500 0.087891
53 0.529514 0.751953 0.072917 0.082031
53 0.588542 0.752930 0.079861 0.072266
53 0.637153 0.743164 0.072917 0.076172
53 0.708333 0.731445 0.062500 0.037109
