53 0.321181 0.418457 0.246528 0.129883
53 0.255208 0.554688 0.274306 0.128906
53 0.171875 0.608398 0.274306 0.138672
53 0.178819 0.441406 0.246528 0.113281
53 0.565972 0.629395 0.250000 0.141602
53 0.638889 0.572266 0.305556 0.136719
53 0.692708 0.519043 0.288194 0.139648
53 0.739583 0.462891 0.305556 0.117188
53 0.822917 0.421387 0.236111 0.108398
53 0.848958 0.350586 0.232639 0.126953
53 0.486111 0.679688 0.312500 0.121094
53 0.434896 0.728516 0.272569 0.097656
53 0.505208 0.354980 0.197917 0.116211
