55 0.074445 0.034444 0.148890 0.068888
55 0.140000 0.735556 0.280000 0.275556
55 0.234445 0.126667 0.468890 0.253333
55 0.273334 0.311111 0.408888 0.351112
55 0.346667 0.602222 0.520000 0.524444
55 0.547778 0.998888 0.526666 0.388889
55 0.581111 0.162222 0.317778 0.324444
55 0.516666 0.414445 0.171112 0.255556
55 0.701111 0.441111 0.264443 0.313333
55 0.741111 0.106667 0.344443 0.213334
55 0.858890 0.684445 0.540000 0.440000
55 0.885556 0.238889 0.322222 0.242222
55 0.947778 0.390000 0.220000 0.148889
