55 0.212499 0.890000 0.360000 0.515002
55 0.230000 0.653750 0.305002 0.312501
55 0.247500 0.499999 0.229998 0.265000
55 0.381250 0.597500 0.207499 0.219998
55 0.507501 0.665000 0.240000 0.274998
55 0.547500 0.872500 0.305000 0.285000
55 0.475000 0.293750 0.130000 0.127501
55 0.567499 0.213750 0.090000 0.132499
55 0.621250 0.295000 0.137499 0.170000
55 0.664999 0.487501 0.215000 0.200000
55 0.797500 0.092500 0.445000 0.185000
55 0.695000 0.625000 0.220000 0.330000
55 0.693750 0.212500 0.097501 0.140002
55 0.742500 0.336250 0.195000 0.232501
55 0.821250 0.786250 0.277501 0.397499
55 0.826250 0.222500 0.107501 0.135000
55 0.860000 0.420000 0.155002 0.215002
55 0.911250 0.523750 0.257501 0.112499
55 0.891250 0.635000 0.207499 0.205002
55 0.891250 0.240000 0.112501 0.150000
55 0.951250 0.322501 0.137501 0.130000
55 0.971250 0.381250 0.112499 0.137501
