55 0.531000 0.259000 0.222000 0.184000
55 0.017500 0.010000 0.035000 0.020000
55 0.091000 0.660500 0.182000 0.315000
55 0.050500 0.037500 0.085000 0.034999
55 0.334500 0.078500 0.037000 0.037000
55 0.366000 0.030500 0.056000 0.047000
55 0.470500 0.059500 0.079000 0.069000
55 0.574500 0.074000 0.085000 0.106000
55 0.700000 0.847500 0.318000 0.345000
55 0.635500 0.115500 0.103000 0.085001
55 0.873000 0.203000 0.174000 0.120000
55 0.882000 0.041000 0.064000 0.048000
55 0.946000 0.115000 0.128000 0.110000
