55 0.048000 0.228042 0.096000 0.264049
55 0.131000 0.456584 0.262000 0.381070
55 0.055000 0.848156 0.102000 0.336062
55 0.167500 0.227042 0.221000 0.242045
55 0.217000 0.756639 0.274000 0.387071
55 0.347500 0.466586 0.285000 0.311058
55 0.369500 0.202537 0.199000 0.295054
55 0.446500 0.761140 0.263000 0.330061
55 0.549000 0.998684 0.180000 0.035007
55 0.592000 0.436080 0.266000 0.312057
55 0.557000 0.197036 0.156000 0.256046
55 0.685500 0.719133 0.269000 0.336061
55 0.723000 0.204038 0.176000 0.254047
55 0.768500 0.929171 0.259000 0.174033
55 0.822000 0.440081 0.258000 0.258048
55 0.892500 0.665623 0.219000 0.333061
55 0.894500 0.204538 0.183000 0.213039
55 0.956000 0.918669 0.224000 0.195037
55 0.971500 0.413576 0.181000 0.271050
