55 0.019500 0.887500 0.039000 0.079000
55 0.130500 0.774000 0.075000 0.058001
55 0.190000 0.810500 0.058000 0.033000
55 0.204500 0.868500 0.041000 0.040999
55 0.236500 0.967000 0.101000 0.134000
55 0.290500 0.797500 0.047000 0.039000
55 0.303000 0.751000 0.068000 0.054000
55 0.313000 0.711500 0.068000 0.049000
55 0.369000 0.853000 0.068000 0.060000
55 0.376500 0.653500 0.037000 0.033000
55 0.407500 0.668500 0.041000 0.037000
55 0.425000 0.728500 0.056000 0.029000
55 0.432000 0.613500 0.050000 0.039000
55 0.454500 0.659000 0.037000 0.040000
55 0.482000 0.845000 0.058000 0.052000
55 0.497000 0.682500 0.056000 0.049001
55 0.539500 0.610500 0.033000 0.045000
55 0.649500 0.666500 0.033000 0.033000
55 0.710000 0.827000 0.064000 0.066000
55 0.703000 0.691000 0.046000 0.046000
55 0.730500 0.604500 0.035000 0.033000
55 0.981500 0.636000 0.215000 0.048000
