55 0.050000 0.376302 0.100000 0.082065
55 0.074500 0.507907 0.149000 0.185149
55 0.197500 0.638011 0.391000 0.125100
55 0.183500 0.363291 0.125000 0.088071
55 0.232500 0.431346 0.125000 0.084067
55 0.280500 0.343776 0.077000 0.069055
55 0.381000 0.475381 0.218000 0.156125
55 0.411000 0.407326 0.150000 0.082066
55 0.551000 0.343775 0.324000 0.053042
55 0.503000 0.379805 0.104000 0.051041
55 0.589000 0.426842 0.212000 0.141113
55 0.728000 0.579965 0.412000 0.201161
55 0.764500 0.395317 0.139000 0.090072
55 0.806500 0.360289 0.191000 0.070057
55 0.978500 0.473880 0.219000 0.145116
