55 0.307000 0.780000 0.240000 0.163999
55 0.310500 0.609500 0.209000 0.231000
55 0.363500 0.530000 0.157000 0.126000
55 0.429500 0.448500 0.161000 0.153000
55 0.431000 0.607500 0.062000 0.106999
55 0.474500 0.566000 0.087000 0.104000
55 0.602000 0.619000 0.128000 0.130000
55 0.635500 0.557000 0.109000 0.110000
55 0.698000 0.338500 0.108000 0.091000
55 0.701500 0.628500 0.093000 0.103001
55 0.695500 0.525000 0.077000 0.073999
55 0.758500 0.532500 0.083000 0.093000
55 0.780000 0.661500 0.118000 0.106999
55 0.813000 0.340000 0.122000 0.126000
55 0.842500 0.558000 0.105000 0.112001
55 0.847000 0.464500 0.112000 0.091000
55 0.871500 0.372000 0.133000 0.139999
55 0.912500 0.640000 0.147000 0.122000
55 0.914500 0.563000 0.081000 0.072000
55 0.931500 0.482500 0.067000 0.081000
