55 0.018500 0.894996 0.037000 0.096107
55 0.083500 0.529089 0.053000 0.037041
55 0.116500 0.508066 0.049000 0.049054
55 0.175000 0.472025 0.064000 0.059066
55 0.238500 0.526586 0.055000 0.054061
55 0.314000 0.924529 0.154000 0.119132
55 0.299000 0.638711 0.106000 0.080089
55 0.355500 0.567632 0.055000 0.054059
55 0.370000 0.716297 0.068000 0.067075
55 0.427000 0.680257 0.076000 0.049054
55 0.444500 0.725808 0.087000 0.074083
55 0.493500 0.589156 0.061000 0.047052
55 0.511000 0.705285 0.076000 0.065073
55 0.564500 0.581147 0.051000 0.051056
55 0.606500 0.704784 0.111000 0.082091
55 0.633000 0.579645 0.070000 0.070078
55 0.699500 0.874473 0.109000 0.101113
55 0.696500 0.687766 0.099000 0.080089
55 0.730500 0.569634 0.167000 0.140156
55 0.819500 0.809401 0.147000 0.119132
55 0.864500 0.548110 0.139000 0.171191
55 0.896500 0.735819 0.097000 0.082091
55 0.975000 0.733816 0.082000 0.090101
55 0.966500 0.559122 0.051000 0.045050
