55 0.369500 0.745830 0.179000 0.130145
55 0.151500 0.495552 0.095000 0.074082
55 0.179000 0.410457 0.076000 0.060067
55 0.231500 0.665741 0.099000 0.082091
55 0.294000 0.580146 0.092000 0.111124
55 0.309000 0.397443 0.078000 0.058065
55 0.399500 0.294828 0.037000 0.033037
55 0.428000 0.357898 0.066000 0.045050
55 0.430500 0.315351 0.053000 0.024027
55 0.427500 0.276308 0.043000 0.028031
55 0.500000 0.732816 0.082000 0.084093
55 0.512500 0.345885 0.049000 0.053058
55 0.538000 0.587153 0.080000 0.055062
55 0.531500 0.264794 0.051000 0.035039
55 0.559500 0.399445 0.061000 0.032036
55 0.563500 0.608677 0.061000 0.050056
55 0.590000 0.530590 0.070000 0.078087
55 0.643000 0.659734 0.090000 0.066074
55 0.658500 0.684762 0.113000 0.074082
55 0.668000 0.555618 0.094000 0.078086
55 0.677000 0.375918 0.068000 0.059066
55 0.787000 0.340879 0.070000 0.055062
55 0.970500 0.408454 0.063000 0.064072
