55 0.025000 0.865500 0.050000 0.046999
55 0.071500 0.914000 0.059000 0.058000
55 0.073000 0.729000 0.026000 0.013999
55 0.137500 0.743500 0.035000 0.019000
55 0.145500 0.826500 0.047000 0.039000
55 0.143500 0.776500 0.023000 0.023000
55 0.209000 0.947500 0.074000 0.025000
55 0.196000 0.728000 0.024000 0.016000
55 0.254000 0.868500 0.062000 0.040999
55 0.283500 0.745500 0.023000 0.019001
55 0.293000 0.730500 0.020000 0.021000
55 0.306500 0.821500 0.035000 0.025000
55 0.321500 0.787000 0.031000 0.022000
55 0.322000 0.725000 0.020000 0.014000
55 0.365500 0.854500 0.041000 0.025000
55 0.376500 0.757000 0.031000 0.024000
55 0.423000 0.911000 0.048000 0.040000
55 0.416000 0.724000 0.018000 0.016000
55 0.416000 0.716000 0.010000 0.008000
55 0.456500 0.734500 0.025000 0.013000
55 0.484500 0.832500 0.039000 0.022999
55 0.499500 0.786000 0.033000 0.028001
55 0.524500 0.717000 0.017000 0.013999
55 0.529500 0.757000 0.027000 0.016000
55 0.534000 0.744500 0.022000 0.021000
55 0.562000 0.848500 0.062000 0.069000
55 0.546500 0.722000 0.015000 0.012000
55 0.586500 0.804500 0.037000 0.029000
55 0.592000 0.727000 0.014000 0.022000
55 0.621500 0.830500 0.041000 0.031000
55 0.670500 0.718000 0.019000 0.012000
55 0.677500 0.740500 0.025000 0.025000
55 0.714500 0.769500 0.025000 0.028999
55 0.806500 0.728000 0.015000 0.012000
55 0.852500 0.744500 0.027000 0.017000
55 0.861500 0.722000 0.025000 0.012000
55 0.871500 0.766500 0.033000 0.022999
55 0.914500 0.791500 0.035000 0.035000
55 0.944000 0.708500 0.008000 0.011000
55 0.951500 0.711500 0.015000 0.013000
55 0.958500 0.723000 0.017000 0.018000
