55 0.032500 0.876976 0.065000 0.162180
55 0.076500 0.850947 0.121000 0.144161
55 0.092500 0.720802 0.093000 0.068076
55 0.181500 0.953561 0.189000 0.189210
55 0.175000 0.758344 0.080000 0.065072
55 0.235000 0.709290 0.094000 0.057064
55 0.303000 0.827421 0.168000 0.133148
55 0.422500 0.702281 0.187000 0.125139
55 0.543500 0.698778 0.089000 0.062069
55 0.566000 0.733817 0.096000 0.058065
55 0.561000 0.837432 0.058000 0.067075
55 0.639000 0.721803 0.094000 0.082091
55 0.669500 0.672749 0.147000 0.164183
55 0.760000 0.767354 0.094000 0.121134
55 0.768000 0.695774 0.066000 0.060068
55 0.843000 0.696776 0.100000 0.082091
55 0.857500 0.656230 0.055000 0.033037
55 0.873500 0.636208 0.067000 0.047052
55 0.994500 0.915519 0.113000 0.109122
55 0.981000 0.788878 0.082000 0.078086
