55 0.666019 0.902000 0.270413 0.240000
55 0.012018 0.944000 0.020030 0.032000
55 0.109167 0.929000 0.028044 0.030000
55 0.121185 0.952500 0.030045 0.027000
55 0.122688 0.894500 0.033050 0.033000
55 0.222841 0.952500 0.047072 0.033000
55 0.236362 0.921000 0.024037 0.036000
55 0.876842 0.965500 0.057088 0.035000
55 0.911394 0.914000 0.022034 0.032000
55 0.918405 0.871500 0.030046 0.019000
55 0.939938 0.881500 0.025039 0.033000
55 0.955462 0.893500 0.022034 0.019000
55 0.965978 0.846000 0.027041 0.022000
55 0.977997 0.892000 0.019030 0.028000
55 0.988012 0.845500 0.021032 0.017000
