55 0.265625 0.896094 0.096875 0.145313
55 0.416406 0.698437 0.132813 0.156250
55 0.494531 0.589063 0.117187 0.096875
55 0.493750 0.497656 0.096875 0.098437
55 0.569531 0.700000 0.139062 0.153125
55 0.670313 0.612500 0.112501 0.143749
55 0.659374 0.530468 0.078125 0.070313
55 0.717969 0.698437 0.157813 0.181250
55 0.783594 0.482031 0.095312 0.135937
55 0.806250 0.606250 0.128125 0.153125
55 0.888282 0.702344 0.132813 0.164063
55 0.923438 0.507031 0.112501 0.117187
55 0.932031 0.599219 0.126562 0.151562
