55 0.016000 0.041000 0.032000 0.078000
55 0.041000 0.268500 0.082000 0.115001
55 0.262000 0.961000 0.524000 0.476000
55 0.099500 0.524000 0.167000 0.134000
55 0.076000 0.123000 0.116000 0.106001
55 0.095500 0.026000 0.081000 0.052000
55 0.151000 0.257000 0.126000 0.114000
55 0.172000 0.448000 0.168000 0.124000
55 0.221500 0.283000 0.097000 0.078000
55 0.530500 0.483500 0.563000 0.467000
55 0.462500 0.101000 0.417000 0.190000
55 0.319500 0.298500 0.107000 0.093000
55 0.617500 0.907000 0.199000 0.228000
55 0.600500 0.809000 0.157000 0.122000
55 0.922500 0.201500 0.585000 0.403000
55 0.878500 0.575500 0.143000 0.179000
55 0.966500 0.890500 0.211000 0.199000
55 0.967500 0.770500 0.143000 0.145000
