55 0.450500 0.849445 0.119000 0.099111
55 0.065500 0.783872 0.131000 0.096108
55 0.225500 0.482537 0.451000 0.150167
55 0.120000 0.676753 0.088000 0.074083
55 0.344000 0.627198 0.098000 0.077085
55 0.386000 0.588154 0.096000 0.061068
55 0.398500 0.774862 0.105000 0.090101
55 0.480500 0.679756 0.071000 0.084093
55 0.585000 0.569133 0.072000 0.043048
55 0.777000 0.711292 0.324000 0.217242
55 0.657000 0.576141 0.068000 0.049054
55 0.690500 0.512070 0.065000 0.025028
55 0.717000 0.549111 0.058000 0.049054
