55 0.105617 0.965500 0.101112 0.085000
55 0.169188 0.983500 0.082091 0.071000
55 0.244773 0.950000 0.079088 0.038000
55 0.272303 1.000000 0.118132 0.082000
55 0.290324 0.909500 0.104116 0.077000
55 0.313349 0.856000 0.096107 0.062000
55 0.339378 0.966500 0.082091 0.071000
55 0.365407 0.924500 0.084093 0.057000
55 0.387431 0.750500 0.074083 0.055000
55 0.396942 0.716500 0.077086 0.047000
55 0.404951 0.786500 0.071079 0.055000
55 0.415963 0.685500 0.071079 0.033000
55 0.437988 0.932500 0.071079 0.073000
55 0.447498 0.813500 0.090099 0.049000
55 0.439489 0.752000 0.068076 0.068000
55 0.459511 0.998000 0.104116 0.090000
55 0.436486 0.704500 0.046051 0.017000
55 0.453004 0.781000 0.069077 0.054000
55 0.479033 0.752000 0.055062 0.052000
55 0.584651 0.816500 0.112124 0.077000
