55 0.209500 0.098500 0.169000 0.153000
55 0.801500 0.895500 0.665000 0.391001
55 0.615500 0.226500 0.109000 0.049001
55 0.633000 0.405000 0.110000 0.073999
55 0.643500 0.052000 0.017000 0.018000
55 0.667500 0.044500 0.035000 0.025000
55 0.716500 0.238000 0.031000 0.026000
55 0.719500 0.053000 0.031000 0.012000
55 0.763500 0.050000 0.033000 0.022000
55 0.787500 0.235000 0.027000 0.020000
55 0.793500 0.321500 0.023000 0.021000
55 0.795500 0.054000 0.027000 0.018000
55 0.820500 0.320500 0.027000 0.027000
55 0.819500 0.057000 0.017000 0.012000
55 0.838500 0.053000 0.031000 0.024000
55 0.849500 0.320500 0.027000 0.031000
55 0.855500 0.232500 0.027000 0.025001
55 0.874000 0.317500 0.022000 0.025000
55 0.912000 0.223500 0.070000 0.043001
55 0.918000 0.355500 0.064000 0.087000
55 0.973500 0.357500 0.097000 0.045000
