55 0.127500 0.790206 0.255000 0.374098
55 0.244500 0.550644 0.243000 0.233061
55 0.410500 0.793707 0.381000 0.377098
55 0.403500 0.432113 0.235000 0.230061
55 0.483500 0.344590 0.189000 0.187048
55 0.515500 0.560646 0.233000 0.253066
55 0.540500 0.263069 0.175000 0.152040
55 0.673000 0.394103 0.284000 0.306080
55 0.698000 0.937245 0.280000 0.274072
55 0.728500 0.662673 0.271000 0.267070
55 0.716000 0.264569 0.230000 0.249065
55 0.873500 0.511634 0.229000 0.253066
55 0.887000 0.757198 0.238000 0.230061
55 0.953000 0.896235 0.210000 0.200052
55 0.971500 0.686680 0.193000 0.183048
