55 0.030500 0.539600 0.061000 0.082091
55 0.056000 0.607176 0.112000 0.123137
55 0.030500 0.446997 0.049000 0.049055
55 0.109000 0.524083 0.092000 0.067075
55 0.197000 0.490546 0.076000 0.062069
55 0.329500 0.749835 0.177000 0.142158
55 0.328500 0.450001 0.063000 0.043048
55 0.410500 0.806397 0.215000 0.201224
55 0.415500 0.451001 0.073000 0.033037
55 0.501500 0.651225 0.181000 0.125139
55 0.592000 0.853450 0.238000 0.229254
55 0.566500 0.585652 0.125000 0.096108
55 0.579500 0.479033 0.095000 0.071079
55 0.688000 0.558622 0.090000 0.084093
55 0.724000 0.608677 0.116000 0.080089
55 0.852000 0.929534 0.270000 0.239266
55 0.779000 0.482036 0.080000 0.061068
55 0.844000 0.471024 0.070000 0.055062
55 0.874500 0.576141 0.115000 0.119132
55 0.903500 0.554117 0.091000 0.065073
55 0.905500 0.477031 0.061000 0.055060
55 0.974000 0.525585 0.080000 0.074083
