56 0.067500 0.430930 0.135000 0.127127
56 0.082000 0.549549 0.164000 0.246245
56 0.219000 0.578578 0.086000 0.062063
56 0.374000 0.834334 0.322000 0.207207
56 0.380500 0.376877 0.205000 0.045045
56 0.487500 0.227227 0.279000 0.148148
56 0.550000 0.647146 0.190000 0.231230
56 0.661000 0.238738 0.224000 0.153153
56 0.810500 0.372372 0.313000 0.224224
56 0.791000 0.094094 0.222000 0.188188
56 0.847000 0.939438 0.322000 0.197197
56 0.848000 0.606105 0.168000 0.129129
56 0.954000 0.863362 0.256000 0.217218
