45 0.491016 0.130859 0.682031 0.086719
45 0.413281 0.114844 0.603125 0.076563
45 0.355469 0.119922 0.450000 0.052344
45 0.221875 0.135937 0.206250 0.056250
45 0.285156 0.135547 0.320312 0.010156
45 0.144531 0.148828 0.085938 0.050781
45 0.089062 0.170313 0.059375 0.054688
45 0.366016 0.544531 0.388281 0.532812
45 0.051172 0.301172 0.033594 0.180469
45 0.515234 0.256250 0.908594 0.075000
45 0.500781 0.241797 0.748437 0.067969
45 0.441406 0.244141 0.598437 0.066406
45 0.372656 0.249609 0.417188 0.103906
45 0.285156 0.253516 0.281250 0.091406
45 0.213672 0.256250 0.138281 0.065625
45 0.176953 0.388281 0.132031 0.314062
45 0.112500 0.537891 0.075000 0.571094
45 0.275391 0.542969 0.274219 0.529688
45 0.131641 0.417578 0.072656 0.272656
45 0.133594 0.244141 0.017187 0.160156
45 0.266406 0.378906 0.212500 0.295313
45 0.337500 0.390625 0.378125 0.287500
45 0.214844 0.566797 0.075000 0.492969
45 0.421875 0.355469 0.559375 0.279687
45 0.519531 0.396094 0.882812 0.245313
45 0.495703 0.373437 0.702344 0.257812
45 0.433203 0.542578 0.569531 0.502344
45 0.515234 0.529688 0.908594 0.540625
45 0.510547 0.582031 0.700781 0.451563