58 0.827500 0.756250 0.187499 0.160000
58 0.387499 0.428125 0.150000 0.131250
58 0.394374 0.287500 0.156250 0.150000
58 0.456250 0.715625 0.162501 0.186250
58 0.483125 0.500000 0.158749 0.162500
58 0.568125 0.220000 0.166250 0.127500
58 0.605625 0.318750 0.146251 0.167501
58 0.623125 0.439375 0.168749 0.141250
58 0.628750 0.443125 0.175000 0.143750
58 0.700000 0.778750 0.124998 0.200000
58 0.713750 0.220000 0.125000 0.110000
58 0.761875 0.288750 0.153750 0.072499
58 0.793750 0.621875 0.187501 0.126250
58 0.798750 0.453125 0.147501 0.126250
58 0.922500 0.583750 0.155000 0.137500
58 0.931250 0.832500 0.162499 0.064999
58 0.965000 0.251250 0.127501 0.109999
