58 0.066000 0.809486 0.132000 0.460276
58 0.092500 0.214629 0.185000 0.237142
58 0.094500 0.996598 0.189000 0.086051
58 0.112000 0.444767 0.224000 0.291175
58 0.240000 0.089054 0.406000 0.178107
58 0.214500 0.502802 0.297000 0.621374
58 0.178500 0.054032 0.213000 0.108065
58 0.337000 0.327696 0.398000 0.557335
58 0.270000 0.252652 0.220000 0.183109
58 0.425500 0.818992 0.445000 0.433260
58 0.384000 0.914549 0.312000 0.250150
58 0.495500 0.863519 0.231000 0.330199
58 0.539000 0.138083 0.162000 0.276166
58 0.590000 0.508305 0.248000 0.258155
58 0.659500 0.275165 0.285000 0.400241
58 0.648000 0.813989 0.176000 0.451270
58 0.802000 0.177107 0.324000 0.354213
58 0.730000 0.272163 0.160000 0.234141
58 0.849000 0.664900 0.254000 0.309185
58 0.940500 0.554333 0.433000 0.334201
