58 0.213000 0.712000 0.196000 0.180000
58 0.209500 0.380000 0.147000 0.140000
58 0.246500 0.534500 0.135000 0.151000
58 0.355000 0.309000 0.128000 0.118001
58 0.368500 0.569000 0.151000 0.172000
58 0.442500 0.064000 0.151000 0.116000
58 0.498500 0.628000 0.163000 0.144000
58 0.522000 0.141500 0.132000 0.105000
58 0.610000 0.740000 0.172000 0.174000
58 0.607000 0.388500 0.152000 0.115001
58 0.754000 0.887500 0.182000 0.217000
58 0.816500 0.473000 0.159000 0.120000
58 0.873500 0.307500 0.157000 0.160999
58 0.966500 0.710500 0.137000 0.157000
58 0.966500 0.087500 0.127000 0.147000
58 0.979000 0.497000 0.136000 0.138000
