58 0.427500 0.432500 0.227000 0.163000
58 0.452000 0.622000 0.190000 0.190000
58 0.450000 0.773500 0.170000 0.163000
58 0.587500 0.274500 0.217000 0.202999
58 0.629500 0.749000 0.207000 0.212000
58 0.700000 0.498000 0.190000 0.174000
58 0.707500 0.161000 0.155000 0.144000
58 0.752500 0.877000 0.147000 0.258000
58 0.827000 0.389000 0.130000 0.126000
58 0.904500 0.579500 0.219000 0.193000
58 0.920000 0.149500 0.204000 0.105000
58 0.981000 0.869000 0.264000 0.254000
58 0.980000 0.378000 0.180000 0.144000
