58 0.223500 0.607427 0.097000 0.136096
58 0.268000 0.783550 0.168000 0.086060
58 0.266500 0.569900 0.101000 0.125088
58 0.251500 0.515362 0.061000 0.110077
58 0.471500 0.605425 0.429000 0.430301
58 0.323000 0.697990 0.082000 0.111077
58 0.339500 0.506856 0.099000 0.115081
58 0.354000 0.737518 0.102000 0.166116
58 0.428500 0.854600 0.153000 0.080057
58 0.433000 0.511359 0.154000 0.156109
58 0.460500 0.707997 0.193000 0.185130
58 0.520000 0.802563 0.222000 0.098069
58 0.543500 0.469329 0.125000 0.162113
58 0.576000 0.857102 0.146000 0.027019
58 0.638500 0.518864 0.135000 0.121085
58 0.656000 0.634945 0.166000 0.135094
58 0.647000 0.801562 0.070000 0.076054
58 0.662500 0.556891 0.101000 0.111078
58 0.746500 0.655460 0.191000 0.078055
58 0.739000 0.625940 0.102000 0.051036
