44 0.10859375 0.621875 0.2171875 0.30859375
44 0.5453125 0.38515625 0.21875 0.25546875
44 0.75859375 0.63671875 0.23359375 0.30546875
44 0.9375 0.6390625 0.12421875 0.290625
44 0.9359375 0.3765625 0.128125 0.2703125
44 0.53046875 0.6296875 0.2203125 0.296875
44 0.3421875 0.3828125 0.1984375 0.26015625
44 0.76875 0.3796875 0.2171875 0.25703125
44 0.153125 0.38671875 0.18515625 0.25546875
44 0.31875 0.6375 0.20625 0.278125
44 0.03125 0.36953125 0.0625 0.2796875
44 0.70234375 0.02578125 0.24765625 0.05078125
44 0.18046875 0.02421875 0.25859375 0.04765625
44 0.4421875 0.02578125 0.25234375 0.05078125
44 0.921875 0.02578125 0.15625 0.05078125
