44 0.2640625 0.853125 0.22109375 0.1828125
44 0.27109375 0.478125 0.2109375 0.1859375
44 0.2609375 0.66640625 0.23125 0.1875
44 0.26796875 0.0984375 0.2109375 0.196875
44 0.275 0.28984375 0.19921875 0.18046875
44 0.7515625 0.85703125 0.19609375 0.14375
44 0.571875 0.8265625 0.190625 0.15703125
44 0.5796875 0.08671875 0.1921875 0.15390625
44 0.75625 0.41328125 0.20078125 0.15390625
44 0.76328125 0.090625 0.19921875 0.16015625
44 0.76015625 0.56171875 0.1921875 0.14375
44 0.74921875 0.709375 0.2109375 0.15546875
44 0.5796875 0.5453125 0.17890625 0.1421875
44 0.58359375 0.39921875 0.17421875 0.15703125
44 0.7625 0.25234375 0.2078125 0.1640625
44 0.58046875 0.23984375 0.17734375 0.15546875
44 0.58125 0.68046875 0.17890625 0.13203125
