59 0.044500 0.661311 0.089000 0.092043
59 0.067000 0.382680 0.134000 0.231110
59 0.106000 0.509740 0.212000 0.269127
59 0.174500 0.816884 0.349000 0.489230
59 0.301000 0.119056 0.432000 0.238112
59 0.310000 0.446711 0.346000 0.307144
59 0.381500 0.912429 0.459000 0.298140
59 0.375500 0.185587 0.271000 0.191090
59 0.492500 0.786870 0.357000 0.437206
59 0.593000 0.314648 0.382000 0.515242
59 0.815500 0.467720 0.473000 0.423199
59 0.750500 0.188089 0.291000 0.252120
59 0.849500 0.803378 0.381000 0.516242
59 0.940500 0.062529 0.179000 0.125058
