59 0.083000 0.563164 0.166000 0.290085
59 0.151000 0.088026 0.302000 0.176051
59 0.141000 0.296086 0.278000 0.256075
59 0.272000 0.508148 0.448000 0.324095
59 0.329000 0.659193 0.246000 0.362106
59 0.393000 0.262076 0.326000 0.216063
59 0.286000 0.081024 0.084000 0.162047
59 0.396000 0.083024 0.224000 0.166048
59 0.554000 0.898262 0.516000 0.208061
59 0.514000 0.095028 0.376000 0.190055
59 0.542000 0.636186 0.240000 0.352103
59 0.609000 0.317093 0.310000 0.362106
59 0.709000 0.779228 0.462000 0.310090
59 0.796000 0.516151 0.356000 0.248073
59 0.796000 0.107031 0.256000 0.214062
59 0.865000 0.254075 0.234000 0.316092
59 0.955000 0.597174 0.222000 0.302088
59 0.937000 0.087026 0.070000 0.130038
