59 0.442000 0.716618 0.314000 0.197032
59 0.452500 0.563592 0.227000 0.203034
59 0.514500 0.362059 0.207000 0.214036
59 0.589000 0.505583 0.164000 0.189031
59 0.612500 0.250041 0.137000 0.170028
59 0.626000 0.626602 0.148000 0.119019
59 0.673000 0.801631 0.172000 0.195032
59 0.682000 0.712617 0.186000 0.173029
59 0.711500 0.419569 0.213000 0.143022
59 0.702000 0.293048 0.172000 0.166027
59 0.766000 0.502582 0.240000 0.199032
59 0.767500 0.199033 0.209000 0.268044
59 0.760000 0.636604 0.104000 0.147024
59 0.791500 0.729119 0.123000 0.090015
59 0.853000 0.333054 0.168000 0.172028
59 0.857500 0.492081 0.173000 0.150024
59 0.923000 0.777128 0.192000 0.166027
59 0.960000 0.407067 0.164000 0.188030
