59 0.776894 0.638000 0.176202 0.212000
59 0.196726 0.546500 0.085098 0.101000
59 0.205736 0.774000 0.071081 0.104000
59 0.266306 0.648500 0.170196 0.213000
59 0.304851 0.833000 0.159183 0.194000
59 0.293838 0.415000 0.071081 0.106000
59 0.423988 0.508000 0.167193 0.156000
59 0.423988 0.317500 0.161185 0.213000
59 0.445512 0.092500 0.062072 0.095000
59 0.523602 0.174500 0.082094 0.129000
59 0.634229 0.476000 0.183212 0.142000
59 0.756370 0.904000 0.169195 0.118000
59 0.738349 0.800000 0.123142 0.134000
59 0.817441 0.479000 0.161185 0.186000
59 0.901036 0.675500 0.104119 0.175000
59 0.923061 0.452000 0.082094 0.186000
