59 0.063500 0.717298 0.047000 0.055062
59 0.271000 0.567632 0.012000 0.016018
59 0.274000 0.586152 0.010000 0.021023
59 0.291500 0.597165 0.017000 0.015016
59 0.301000 0.585652 0.014000 0.012013
59 0.512000 0.628199 0.022000 0.031034
59 0.813500 0.900502 0.025000 0.029033
59 0.827500 0.959068 0.049000 0.088098
59 0.840000 0.902504 0.020000 0.025028
59 0.880000 0.976587 0.064000 0.061068
59 0.865500 0.939545 0.027000 0.033036
59 0.884500 0.837432 0.051000 0.047052
59 0.903500 0.883483 0.041000 0.051056
59 0.908500 0.918021 0.027000 0.026029
59 0.952000 0.921024 0.056000 0.070078
