59 0.550625 0.450000 0.161250 0.154999
59 0.475000 0.434375 0.090000 0.153750
59 0.473750 0.134375 0.082501 0.128750
59 0.455626 0.283125 0.043750 0.243750
59 0.513125 0.265000 0.146250 0.200000
59 0.583126 0.146250 0.181250 0.150000
59 0.644375 0.344375 0.166251 0.208750
59 0.686250 0.227500 0.187499 0.200000
59 0.715000 0.500625 0.200000 0.203749
59 0.798750 0.403125 0.192499 0.158749
59 0.843750 0.301875 0.190000 0.163751
59 0.844375 0.601250 0.128750 0.087500
59 0.915625 0.540000 0.233749 0.175001
59 0.866874 0.198750 0.131250 0.100001
59 0.936250 0.393750 0.175000 0.152501
59 0.976875 0.228750 0.126250 0.097500
