59 0.555510 0.296190 0.184852 0.207619
59 0.026680 0.317142 0.053359 0.192381
59 0.053359 0.961905 0.106719 0.201906
59 0.058124 0.689524 0.116248 0.140952
59 0.079086 0.820953 0.158172 0.163810
59 0.125776 0.423810 0.232494 0.169523
59 0.167701 0.578095 0.137210 0.165714
59 0.200098 0.992381 0.198192 0.194285
59 0.264891 0.881905 0.259174 0.182856
59 0.324921 0.290476 0.283948 0.173333
59 0.293477 0.748571 0.198192 0.167619
59 0.309675 0.582857 0.181041 0.163810
59 0.444979 0.683810 0.196287 0.224762
59 0.473564 0.579047 0.173418 0.163810
59 0.468800 0.440952 0.141021 0.142858
59 0.516442 0.920000 0.232494 0.213334
59 0.564085 0.802857 0.224872 0.161906
59 0.598387 0.521905 0.240117 0.186667
59 0.656511 0.408572 0.181041 0.139048
59 0.728927 0.718095 0.219154 0.167618
59 0.803249 0.567619 0.257268 0.194285
