59 0.523500 0.870500 0.177000 0.199000
59 0.048000 0.938000 0.096000 0.522000
59 0.253500 0.137500 0.163000 0.199000
59 0.271500 0.335000 0.141000 0.242000
59 0.350000 0.519500 0.166000 0.265000
59 0.377500 0.784000 0.159000 0.240000
59 0.383000 0.192500 0.144000 0.217000
59 0.444000 0.359500 0.172000 0.233000
59 0.479000 0.072000 0.204000 0.118001
59 0.489500 0.531000 0.085000 0.109999
59 0.545500 0.227000 0.155000 0.188000
59 0.586500 0.432000 0.167000 0.196001
59 0.660000 0.717000 0.182000 0.234000
59 0.662000 0.893000 0.058000 0.072000
59 0.722000 0.096500 0.124000 0.193000
59 0.781000 0.919500 0.184000 0.267000
59 0.780500 0.205500 0.155000 0.199001
59 0.838000 0.365500 0.190000 0.205000
59 0.863500 0.099500 0.155000 0.199000
59 0.898500 0.609500 0.143000 0.221000
59 0.926500 0.249000 0.145000 0.144000
59 0.943000 0.086000 0.136000 0.172000
59 0.947000 0.408000 0.120000 0.115999
59 0.991500 0.838000 0.163000 0.272000
