59 0.103750 0.685001 0.107501 0.085000
59 0.108750 0.631250 0.082499 0.062499
59 0.213750 0.440000 0.072501 0.070000
59 0.316250 0.211250 0.097501 0.102499
59 0.336250 0.438750 0.062499 0.097501
59 0.379999 0.378750 0.065000 0.062501
59 0.421250 0.117501 0.062501 0.040000
59 0.431250 0.203750 0.062499 0.052501
59 0.457500 0.080000 0.075000 0.055002
59 0.710001 0.600000 0.085000 0.120000
59 0.766250 0.520000 0.057499 0.084998
59 0.788750 0.300000 0.062501 0.050000
59 0.801250 0.242501 0.067499 0.070000
59 0.821250 0.137500 0.062499 0.075000
59 0.841250 0.313750 0.067501 0.062499
59 0.823750 0.022501 0.012499 0.040000
59 0.857500 0.021250 0.039998 0.042501
59 0.872500 0.123750 0.030002 0.042501
59 0.881250 0.313750 0.037501 0.062499
