59 0.086000 0.606000 0.172000 0.186000
59 0.094000 0.789000 0.188000 0.208000
59 0.278500 0.614000 0.203000 0.148000
59 0.274500 0.392500 0.117000 0.109000
59 0.375500 0.490000 0.199000 0.134000
59 0.478000 0.725000 0.208000 0.216000
59 0.499500 0.280500 0.115001 0.061000
59 0.525500 0.395500 0.161000 0.109000
59 0.691500 0.750500 0.219000 0.207000
59 0.685500 0.353000 0.159000 0.096000
59 0.918000 0.685000 0.252000 0.132000
59 0.888000 0.319000 0.136001 0.120000
59 0.996000 0.543000 0.210000 0.142000
