59 0.090500 0.801547 0.181000 0.261016
59 0.140500 0.456027 0.281000 0.180011
59 0.189500 0.254015 0.365000 0.170010
59 0.188000 0.613036 0.236000 0.294017
59 0.367500 0.862050 0.233000 0.238014
59 0.428000 0.619036 0.252000 0.272016
59 0.591500 0.230514 0.233000 0.177010
59 0.569500 0.577034 0.179000 0.176011
59 0.694500 0.832549 0.317000 0.269016
59 0.804500 0.722543 0.283000 0.189010
59 0.823500 0.381022 0.191000 0.166010
59 0.839000 0.975057 0.214000 0.176010
59 0.834000 0.531031 0.190000 0.208011
59 0.886000 0.900053 0.254000 0.194012
59 0.947000 0.464527 0.166000 0.177011
59 0.969500 0.711542 0.203000 0.187011
