59 0.418000 0.703282 0.126000 0.123137
59 0.228000 0.797388 0.180000 0.137153
59 0.241000 0.907009 0.166000 0.140156
59 0.299000 0.954562 0.158000 0.131146
59 0.303000 0.656731 0.134000 0.118132
59 0.296000 0.726308 0.086000 0.119133
59 0.455500 0.953561 0.213000 0.121134
59 0.524000 0.721302 0.096000 0.113126
59 0.526500 0.826920 0.097000 0.156173
59 0.616500 0.937042 0.125000 0.100112
59 0.644000 0.688767 0.180000 0.174194
59 0.717000 0.874473 0.130000 0.185206
59 0.736500 0.767855 0.107000 0.148165
