59 0.445313 0.596875 0.290626 0.246875
59 0.018750 0.513281 0.037501 0.045313
59 0.023438 0.207031 0.046875 0.060937
59 0.051562 0.117187 0.103125 0.084375
59 0.057031 0.382032 0.114062 0.117187
59 0.085156 0.250000 0.170312 0.090624
59 0.133594 0.407031 0.267187 0.129686
59 0.144531 0.606250 0.289062 0.293750
59 0.128125 0.281250 0.240624 0.096875
59 0.092187 0.169531 0.128125 0.039063
59 0.151562 0.214062 0.162501 0.071876
59 0.153125 0.102344 0.128125 0.060939
59 0.223438 0.311719 0.206251 0.098438
59 0.210156 0.136719 0.107813 0.057813
59 0.228125 0.182813 0.106250 0.071874
59 0.348438 0.200781 0.209374 0.132812
59 0.370312 0.427344 0.206250 0.164063
59 0.323437 0.125781 0.100000 0.076562
59 0.410937 0.314844 0.175000 0.107812
59 0.579687 0.405469 0.237499 0.142187
59 0.564844 0.191407 0.179688 0.089062
59 0.581250 0.279687 0.168750 0.075000
59 0.706250 0.551562 0.331250 0.253126
59 0.647657 0.232812 0.185938 0.071876
59 0.778125 0.361719 0.271875 0.110938
59 0.726563 0.143750 0.150000 0.065625
59 0.773438 0.188281 0.181250 0.089062
59 0.867969 0.306250 0.314062 0.118751
59 0.904688 0.503125 0.378125 0.175000
59 0.827344 0.217969 0.210938 0.085937
59 0.888282 0.257813 0.267187 0.068750
59 0.985938 0.146875 0.206250 0.090624
