59 0.300500 0.614684 0.153000 0.138154
59 0.208000 0.552615 0.154000 0.188209
59 0.227000 0.437487 0.184000 0.106118
59 0.215000 0.716797 0.152000 0.148165
59 0.306500 0.773360 0.133000 0.109121
59 0.343500 0.548610 0.121000 0.090101
59 0.389000 0.337876 0.156000 0.133149
59 0.410000 0.855452 0.176000 0.117130
59 0.397500 0.745330 0.123000 0.131146
59 0.451500 0.473527 0.145000 0.080089
59 0.463000 0.694273 0.140000 0.123136
59 0.489500 0.313349 0.123000 0.130146
59 0.493500 0.784373 0.111000 0.119133
59 0.563500 0.891992 0.217000 0.150167
59 0.525500 0.630702 0.133000 0.082091
59 0.576000 0.383927 0.160000 0.131147
59 0.596000 0.467019 0.144000 0.113126
59 0.590000 0.556619 0.098000 0.074082
59 0.646500 0.301335 0.179000 0.088098
59 0.693500 0.495051 0.109000 0.065072
59 0.705500 0.445495 0.117000 0.070078
59 0.758000 0.905508 0.176000 0.119132
59 0.787000 0.321858 0.148000 0.121134
59 0.834000 0.396441 0.136000 0.082091
59 0.871000 0.852949 0.192000 0.154171
59 0.899500 0.454005 0.103000 0.087097
59 0.959000 0.395440 0.114000 0.142158
59 0.999000 0.743327 0.112000 0.159177
