59 0.460000 0.383600 0.178000 0.179047
59 0.093000 0.080521 0.186000 0.161042
59 0.106500 0.447617 0.213000 0.275072
59 0.241500 0.963752 0.483000 0.461120
59 0.273500 0.446116 0.547000 0.570149
59 0.288000 0.093025 0.576000 0.186049
59 0.110500 0.259567 0.185000 0.167044
59 0.202500 0.619162 0.247000 0.216056
59 0.185500 0.424111 0.167000 0.158041
59 0.281000 0.279573 0.292000 0.257067
59 0.193500 0.071519 0.089000 0.143037
59 0.294500 0.484126 0.175000 0.138036
59 0.311000 0.090024 0.192000 0.180048
59 0.425000 0.565148 0.222000 0.230061
59 0.470500 0.058015 0.197000 0.116030
59 0.823000 0.955750 0.548000 0.477125
59 0.659500 0.819214 0.189000 0.236061
59 0.828000 0.447617 0.524000 0.527138
59 0.718000 0.067018 0.214000 0.134035
59 0.781000 0.870728 0.140000 0.175046
59 0.816500 0.033009 0.119000 0.066017
59 0.839000 0.783205 0.136000 0.128034
59 0.872500 0.932744 0.109000 0.171044
59 0.925500 0.078020 0.189000 0.146039
59 0.959500 0.796708 0.175000 0.129034
59 0.996000 0.055014 0.222000 0.110029
59 0.969500 0.942747 0.137000 0.159041
