59 0.536000 0.693000 0.244000 0.198000
59 0.570000 0.391000 0.160000 0.150000
59 0.617000 0.473000 0.166000 0.158000
59 0.748000 0.388000 0.196000 0.176000
59 0.788000 0.510000 0.132000 0.120000
59 0.815000 0.326000 0.086000 0.064000
59 0.857000 0.691000 0.134000 0.122000
59 0.900000 0.860000 0.160000 0.124000
59 0.893000 0.454000 0.130000 0.140000
59 0.945000 0.786000 0.206000 0.180000
59 0.907000 0.375000 0.114000 0.082001
59 0.909000 0.300000 0.110000 0.088001
59 0.964000 0.646000 0.128000 0.120000
