59 0.408750 0.676250 0.227499 0.147499
59 0.408750 0.890000 0.212499 0.144998
59 0.457500 0.538750 0.209998 0.162501
59 0.557500 0.751250 0.185000 0.132501
59 0.557499 0.460000 0.150000 0.110000
59 0.662500 0.891250 0.189998 0.177501
59 0.637500 0.572500 0.125000 0.165000
59 0.657500 0.418750 0.155000 0.192501
59 0.666250 0.768750 0.147499 0.132499
59 0.743750 0.625000 0.142501 0.214998
59 0.787500 0.844999 0.139998 0.125000
59 0.807499 0.987500 0.150000 0.179998
59 0.806250 0.727501 0.132501 0.120000
59 0.828750 0.379999 0.137501 0.165000
59 0.852499 0.531250 0.160000 0.202499
59 0.893750 0.652501 0.147501 0.170000
59 0.919999 0.787500 0.185000 0.125000
