59 0.039500 0.521500 0.049000 0.087000
59 0.092000 0.478000 0.080000 0.070000
59 0.210000 0.923500 0.076000 0.113000
59 0.212000 0.421500 0.052000 0.093000
59 0.264000 0.379500 0.068000 0.088999
59 0.327500 0.868000 0.097000 0.118000
59 0.352000 0.319000 0.062000 0.078000
59 0.391500 0.821000 0.089000 0.128000
59 0.413500 0.283000 0.071000 0.076000
59 0.506500 0.759000 0.111000 0.112001
59 0.537500 0.212500 0.071000 0.069000
59 0.578000 0.733000 0.118000 0.114000
59 0.789000 0.269500 0.436000 0.513000
59 0.733000 0.665000 0.114000 0.118000
59 0.805000 0.605000 0.114000 0.130000
59 0.931500 0.550000 0.101000 0.124000
59 0.971500 0.038500 0.095000 0.077000
