59 0.107500 0.247500 0.215000 0.145000
59 0.173750 0.385000 0.192501 0.180000
59 0.202500 0.140000 0.105000 0.140000
59 0.302500 0.078750 0.129998 0.142499
59 0.365000 0.438750 0.210000 0.087499
59 0.327500 0.226250 0.115000 0.147501
59 0.381250 0.160000 0.087499 0.085002
59 0.416250 0.290000 0.152501 0.104998
59 0.446250 0.188750 0.157501 0.177501
59 0.453750 0.070000 0.137499 0.120000
59 0.547500 0.433750 0.180002 0.117501
59 0.517500 0.176250 0.095000 0.112501
59 0.540000 0.251250 0.120000 0.117501
59 0.588750 0.106250 0.112501 0.112499
59 0.687500 0.173750 0.139998 0.147499
59 0.712500 0.367500 0.169998 0.145000
59 0.740000 0.248750 0.120000 0.137499
