59 0.371000 0.719350 0.152000 0.130063
59 0.015000 0.318655 0.030000 0.073036
59 0.025000 0.125061 0.050000 0.096047
59 0.042500 0.447718 0.085000 0.123060
59 0.069500 0.556271 0.139000 0.160078
59 0.043000 0.210102 0.084000 0.066032
59 0.093500 0.295644 0.131000 0.123060
59 0.098500 0.050025 0.121000 0.098047
59 0.097500 0.131064 0.087000 0.060029
59 0.150000 0.641312 0.154000 0.162079
59 0.134500 0.390690 0.115000 0.107052
59 0.151000 0.479233 0.106000 0.080039
59 0.180500 0.178086 0.141000 0.112055
59 0.179500 0.094046 0.073000 0.064032
59 0.212500 0.296144 0.115000 0.114056
59 0.226500 0.545265 0.119000 0.126062
59 0.247000 0.726854 0.144000 0.139067
59 0.251500 0.425707 0.135000 0.119058
59 0.240000 0.032015 0.084000 0.064031
59 0.266500 0.111554 0.097000 0.099048
59 0.304500 0.618802 0.111000 0.121059
59 0.316500 0.188091 0.119000 0.088043
59 0.313500 0.299146 0.109000 0.108052
59 0.351500 0.486737 0.123000 0.135066
59 0.359000 0.042021 0.092000 0.082040
59 0.388500 0.378184 0.103000 0.106052
59 0.407000 0.123560 0.102000 0.111054
59 0.435000 0.242618 0.150000 0.115057
59 0.435500 0.584284 0.127000 0.130063
59 0.464500 0.034517 0.099000 0.067032
59 0.504500 0.442715 0.137000 0.137067
59 0.534000 0.669826 0.152000 0.179087
59 0.524000 0.113555 0.110000 0.121059
59 0.531000 0.324658 0.104000 0.107052
59 0.558500 0.525756 0.111000 0.125061
59 0.576500 0.218106 0.117000 0.110054
59 0.595500 0.039519 0.135000 0.079038
59 0.627500 0.408199 0.101000 0.090043
59 0.654000 0.292643 0.146000 0.129062
59 0.647500 0.119058 0.121000 0.098047
59 0.670500 0.508748 0.121000 0.103050
59 0.685000 0.640812 0.142000 0.125061
59 0.696000 0.185590 0.140000 0.093046
59 0.737000 0.050025 0.102000 0.070034
59 0.754500 0.422205 0.113000 0.076037
59 0.769000 0.320656 0.104000 0.107052
59 0.814000 0.500744 0.162000 0.135066
59 0.789000 0.132064 0.088000 0.090044
59 0.796500 0.224109 0.091000 0.094046
59 0.857000 0.045522 0.134000 0.091044
59 0.883000 0.366678 0.152000 0.129062
59 0.915500 0.124561 0.143000 0.137067
59 0.924500 0.247621 0.141000 0.133065
