59 0.730000 0.402000 0.104000 0.112000
59 0.052000 0.256000 0.104000 0.180000
59 0.065000 0.543000 0.130000 0.290000
59 0.125000 0.073000 0.230000 0.146000
59 0.138000 0.263000 0.256000 0.210000
59 0.229000 0.582000 0.206000 0.300000
59 0.309000 0.296000 0.262000 0.220000
59 0.437000 0.604000 0.206000 0.328000
59 0.493000 0.318000 0.258000 0.228000
59 0.643000 0.644000 0.218000 0.339999
59 0.711000 0.348000 0.270000 0.252000
59 0.812000 0.143000 0.204000 0.182000
59 0.894000 0.683000 0.256000 0.338000
59 0.950000 0.368000 0.232000 0.264001
