59 0.080590 0.620000 0.153171 0.172000
59 0.081591 0.620000 0.155173 0.182000
59 0.096107 0.541500 0.044049 0.051000
59 0.176696 0.627500 0.073081 0.099000
59 0.447998 0.869500 0.243271 0.215000
59 0.517576 0.846500 0.350390 0.301000
59 0.487542 0.774000 0.268299 0.178000
59 0.524584 0.620500 0.194216 0.085000
59 0.557120 0.541500 0.189210 0.101000
59 0.591658 0.570000 0.208232 0.104000
59 0.615686 0.832500 0.126140 0.093000
59 0.831926 0.974500 0.230256 0.219000
59 0.917521 0.686500 0.297331 0.189000
59 0.857955 0.689000 0.140156 0.106000
59 0.917020 0.734500 0.170189 0.131000
59 0.975085 0.935000 0.182203 0.140000
59 0.966075 0.663000 0.126140 0.142000
