59 0.377344 0.856250 0.054688 0.050000
59 0.410156 0.907031 0.073438 0.045313
59 0.405469 0.882032 0.048438 0.057812
59 0.434374 0.857032 0.071875 0.042187
59 0.434375 0.925000 0.037499 0.056250
59 0.464062 0.906250 0.028125 0.068750
59 0.485938 0.841406 0.059376 0.042187
59 0.486718 0.941406 0.051562 0.042187
59 0.495312 0.861719 0.050000 0.048437
59 0.524218 0.922656 0.076562 0.048437
59 0.517969 0.817969 0.051563 0.035938
59 0.524218 0.953125 0.042187 0.025001
59 0.568750 0.815625 0.059374 0.043751
59 0.578126 0.865625 0.053125 0.037500
59 0.578125 0.932031 0.043750 0.023437
59 0.598438 0.882031 0.046875 0.054686
59 0.616406 0.941406 0.048438 0.029688
59 0.619531 0.907031 0.054688 0.039062
59 0.639844 0.830468 0.051563 0.032813
59 0.640625 0.878906 0.037499 0.051562
59 0.667969 0.835156 0.048437 0.029687
59 0.661719 0.931250 0.029688 0.018750
59 0.678125 0.907813 0.050000 0.031249
59 0.684375 0.880469 0.062501 0.048437
59 0.685937 0.858594 0.046875 0.045312
