60 0.020313 0.690625 0.034376 0.034375
60 0.023438 0.716406 0.040626 0.029688
60 0.081250 0.875782 0.062499 0.070313
60 0.070312 0.684375 0.028125 0.031249
60 0.142969 0.882812 0.067189 0.071875
60 0.224218 0.659375 0.114062 0.068750
60 0.315626 0.969531 0.071875 0.057812
60 0.315626 0.917969 0.050000 0.051562
60 0.349219 0.514844 0.032813 0.032812
60 0.374218 0.924219 0.051563 0.057812
60 0.374218 0.833594 0.020312 0.051563
60 0.426562 0.814844 0.046875 0.060937
60 0.662500 0.679688 0.025000 0.025000
60 0.696094 0.679687 0.026562 0.031250
60 0.710156 0.690625 0.023438 0.034375
60 0.958594 0.782813 0.029686 0.037500
60 0.960157 0.979688 0.032813 0.025000
60 0.996875 0.772656 0.037501 0.035938
