60 0.140000 0.218000 0.062000 0.068000
60 0.173000 0.176500 0.042000 0.031000
60 0.310500 0.820000 0.081000 0.070000
60 0.314500 0.883500 0.085000 0.073001
60 0.401500 0.893000 0.077000 0.070000
60 0.407500 0.062000 0.077000 0.082000
60 0.418500 0.595000 0.091000 0.082000
60 0.435500 0.496000 0.083000 0.074000
60 0.446000 0.181000 0.066000 0.068000
60 0.667000 0.907500 0.104000 0.099000
60 0.681500 0.072000 0.079000 0.066000
60 0.751500 0.878500 0.095000 0.095000
60 0.748500 0.957000 0.077000 0.054000
60 0.926000 0.212000 0.068000 0.068000
