60 0.369500 0.427000 0.205000 0.230000
60 0.044000 0.407000 0.088000 0.194000
60 0.063000 0.192000 0.124000 0.178001
60 0.114000 0.320000 0.138000 0.132000
60 0.301000 0.228500 0.302000 0.329000
60 0.618500 0.117500 0.279000 0.235000
60 0.613500 0.734000 0.227000 0.186000
60 0.655500 0.461500 0.241000 0.221000
60 0.738500 0.578500 0.279000 0.269000
60 0.770000 0.339000 0.128000 0.124001
60 0.810500 0.057000 0.175000 0.114000
60 0.836500 0.189000 0.099000 0.133999
60 0.909500 0.858500 0.147000 0.143000
