60 0.110000 0.712222 0.220000 0.224444
60 0.111111 0.972222 0.222222 0.304445
60 0.183333 0.113333 0.304445 0.226667
60 0.204444 0.364444 0.297778 0.306666
60 0.174444 0.552223 0.206667 0.108889
60 0.248889 0.831111 0.208888 0.191111
60 0.393334 0.677778 0.373333 0.364445
60 0.433333 0.470000 0.324445 0.157777
60 0.506666 0.196667 0.368888 0.393334
60 0.511110 0.883333 0.320000 0.233333
60 0.745556 0.692222 0.393333 0.415555
60 0.772222 0.398889 0.268890 0.291112
60 0.838889 0.172222 0.344443 0.344444
60 0.941111 0.672223 0.171112 0.224444
