60 0.045000 0.451317 0.062000 0.066047
60 0.170000 0.106075 0.208000 0.176124
60 0.097000 0.494347 0.042000 0.056039
60 0.145000 0.412290 0.030000 0.056039
60 0.231000 0.785552 0.062000 0.054038
60 0.254000 0.938659 0.044000 0.044030
60 0.340000 0.288202 0.056000 0.056039
60 0.391000 0.958672 0.066000 0.064045
60 0.393000 0.285200 0.058000 0.078055
60 0.388000 0.050035 0.044000 0.040028
60 0.428000 0.044031 0.052000 0.048033
60 0.445000 0.869610 0.042000 0.062044
60 0.487000 0.817574 0.058000 0.058041
60 0.491000 0.872612 0.062000 0.068048
60 0.536000 0.422296 0.140000 0.296208
60 0.496000 0.022016 0.048000 0.040028
60 0.518000 0.925649 0.068000 0.070049
60 0.542000 0.269189 0.088000 0.078055
60 0.536000 0.972683 0.064000 0.072050
60 0.579000 0.222156 0.062000 0.032022
60 0.583000 0.880618 0.070000 0.060042
60 0.588000 0.184130 0.056000 0.060042
60 0.597000 0.089063 0.054000 0.058041
60 0.625000 0.064045 0.042000 0.040028
60 0.751000 0.481338 0.078000 0.074053
60 0.766000 0.657461 0.060000 0.042029
60 0.807000 0.348244 0.142000 0.172121
60 0.774000 0.162114 0.056000 0.052036
60 0.780000 0.118082 0.064000 0.052036
60 0.782000 0.210147 0.060000 0.056039
60 0.784000 0.615432 0.064000 0.062044
60 0.793000 0.547384 0.070000 0.074052
60 0.884000 0.718504 0.068000 0.080057
60 0.890000 0.133093 0.060000 0.070049
60 0.890000 0.241169 0.052000 0.034024
60 0.908000 0.572402 0.068000 0.056040
60 0.961000 0.778546 0.082000 0.072050
60 0.948000 0.076053 0.036000 0.056039
