60 0.438000 0.944000 0.228000 0.200000
60 0.468000 0.772000 0.152000 0.136000
60 0.510000 0.556000 0.164000 0.120000
60 0.594000 0.996000 0.172000 0.152000
60 0.600000 0.404000 0.160000 0.128000
60 0.608000 0.740000 0.144000 0.192000
60 0.612000 0.620000 0.128000 0.120000
60 0.630000 0.292000 0.164000 0.128000
60 0.650000 0.186000 0.148000 0.132000
60 0.686000 0.536000 0.180000 0.160000
60 0.716000 0.382000 0.072000 0.108000
60 0.730000 0.810000 0.100000 0.092000
60 0.748000 0.682000 0.128000 0.148000
60 0.770000 0.250000 0.124000 0.108000
60 0.822000 0.410000 0.132000 0.124000
60 0.836000 0.310000 0.136000 0.116000
