60 0.370000 0.537377 0.336000 0.286201
60 0.243000 0.534375 0.054000 0.156110
60 0.379000 0.313220 0.234000 0.214150
60 0.402000 0.759533 0.248000 0.230162
60 0.501000 0.128090 0.234000 0.232162
60 0.547000 0.370260 0.158000 0.144102
60 0.589000 0.631443 0.230000 0.254179
60 0.578000 0.512359 0.204000 0.148104
60 0.751000 0.830583 0.410000 0.316222
60 0.681000 0.228160 0.210000 0.224157
60 0.740000 0.409287 0.212000 0.198139
60 0.780000 0.599421 0.232000 0.174122
60 0.939000 0.366257 0.170000 0.232163
