60 0.014000 0.558000 0.028000 0.060000
60 0.015000 0.398500 0.030000 0.073000
60 0.023500 0.308500 0.047000 0.063000
60 0.041500 0.534000 0.049000 0.060000
60 0.066000 0.505000 0.054000 0.046000
60 0.070000 0.388000 0.052000 0.030000
60 0.078500 0.289000 0.041000 0.058000
60 0.118000 0.335500 0.076000 0.035000
60 0.124500 0.291500 0.040999 0.041000
60 0.144000 0.386500 0.052001 0.049000
60 0.196000 0.364000 0.052000 0.060000
60 0.240500 0.259000 0.071000 0.080000
60 0.258500 0.207000 0.063000 0.068000
60 0.372000 0.200000 0.186000 0.224000
60 0.364000 0.517500 0.066000 0.093000
60 0.373500 0.595000 0.069000 0.074000
60 0.416000 0.625500 0.060000 0.069000
60 0.440500 0.547500 0.071000 0.087000
60 0.549500 0.554500 0.071000 0.057000
60 0.551000 0.490000 0.074000 0.088000
60 0.584000 0.430000 0.068000 0.082000
60 0.629000 0.535500 0.072000 0.085000
60 0.642500 0.462500 0.065000 0.071000
60 0.712000 0.430000 0.074000 0.104000
60 0.796000 0.395500 0.098000 0.107000
60 0.854500 0.297000 0.109000 0.114000
60 0.909500 0.460000 0.041000 0.044000
60 0.966500 0.458500 0.063000 0.063000
