60 0.360000 0.782400 0.140800 0.131201
60 0.364000 0.700800 0.120000 0.079999
60 0.466400 0.592800 0.084800 0.103999
60 0.510400 0.720800 0.121600 0.078400
60 0.574400 0.821600 0.140800 0.148800
60 0.555200 0.492000 0.086400 0.046399
60 0.612800 0.436800 0.070400 0.041599
60 0.661600 0.657600 0.081600 0.054401
60 0.696800 0.375200 0.056000 0.040000
60 0.752000 0.717600 0.115200 0.065599
60 0.732000 0.404800 0.059200 0.032000
60 0.776800 0.572000 0.116800 0.123200
60 0.749600 0.333600 0.056000 0.036799
60 0.872000 0.857600 0.153600 0.140800
60 0.817600 0.381600 0.038400 0.020801
60 0.863200 0.475200 0.091200 0.092801
60 0.857600 0.269600 0.054400 0.040000
60 0.967200 0.408800 0.078400 0.052800
60 0.968800 0.278400 0.081600 0.079999
