60 0.030500 0.086944 0.061000 0.079949
60 0.089000 0.227854 0.178000 0.235849
60 0.092000 0.882434 0.184000 0.269827
60 0.058000 0.659576 0.108000 0.159897
60 0.183000 0.347777 0.272000 0.327790
60 0.205500 0.624099 0.227000 0.212864
60 0.267000 0.864944 0.318000 0.362767
60 0.281500 0.146406 0.273000 0.292812
60 0.346000 0.512671 0.172000 0.141910
60 0.410000 0.710544 0.242000 0.237848
60 0.474000 0.363267 0.318000 0.288814
60 0.525500 0.115426 0.281000 0.230851
60 0.548000 0.924406 0.236000 0.255836
60 0.598000 0.734028 0.148000 0.206867
60 0.708000 0.207866 0.268000 0.251838
60 0.727500 0.636591 0.237000 0.237847
60 0.795500 0.841959 0.283000 0.274824
60 0.822000 0.430723 0.230000 0.255836
60 0.969000 0.639089 0.258000 0.274823
