60 0.996000 0.928000 0.126400 0.128000
60 0.089600 0.727200 0.179200 0.484800
60 0.427200 0.129600 0.713600 0.249600
60 0.268800 0.833600 0.099200 0.086400
60 0.310400 0.894400 0.092800 0.064000
60 0.368800 0.995200 0.078400 0.089600
60 0.386400 0.539200 0.084800 0.086400
60 0.412800 0.772800 0.076800 0.073601
60 0.425600 0.888800 0.086400 0.104000
60 0.444000 0.670400 0.065600 0.073600
60 0.500000 0.564800 0.123200 0.105600
60 0.483200 0.965600 0.067200 0.059200
60 0.504800 0.730400 0.081600 0.091200
60 0.500800 0.836800 0.060800 0.060800
60 0.616000 0.805600 0.076800 0.075200
60 0.624800 0.668000 0.072000 0.081600
60 0.748800 0.978400 0.064000 0.075200
