60 0.769000 0.561500 0.238000 0.247000
60 0.191500 0.823500 0.215000 0.213000
60 0.218500 0.371000 0.195000 0.188000
60 0.344500 0.162500 0.215000 0.213000
60 0.344500 0.703500 0.207000 0.196999
60 0.399500 0.478500 0.209000 0.205001
60 0.438500 0.881500 0.197000 0.217000
60 0.493000 0.265500 0.190000 0.225000
60 0.534000 0.641000 0.250000 0.248000
60 0.606000 0.444500 0.196000 0.165000
60 0.640000 0.284000 0.240000 0.238000
60 0.642000 0.858500 0.236000 0.259000
60 0.731000 0.170000 0.190000 0.192000
60 0.825000 0.347000 0.180000 0.206000
60 0.844500 0.769500 0.215000 0.208999
60 0.949000 0.170500 0.222000 0.213000
60 0.990500 0.483500 0.233000 0.231000
60 0.997500 0.931500 0.223000 0.214999
