60 0.025500 0.149500 0.051000 0.139000
60 0.046000 0.698500 0.092000 0.149000
60 0.051500 0.528000 0.103000 0.138000
60 0.121500 0.792500 0.157000 0.143000
60 0.155500 0.647000 0.171000 0.136000
60 0.154500 0.187000 0.157000 0.138000
60 0.158500 0.478500 0.149000 0.142999
60 0.165500 0.343000 0.159000 0.132000
60 0.168000 0.073000 0.130000 0.114000
60 0.241000 0.893500 0.128000 0.143000
60 0.260500 0.549500 0.151000 0.133000
60 0.262000 0.742000 0.140000 0.136000
60 0.281500 0.404000 0.147000 0.138000
60 0.283500 0.248000 0.143000 0.124000
60 0.390000 0.693500 0.148000 0.155000
