60 0.608000 0.932000 0.310000 0.272000
60 0.287500 0.937000 0.305000 0.260000
60 0.365000 0.688000 0.258000 0.200000
60 0.410500 0.544500 0.225000 0.145001
60 0.441500 0.427000 0.197000 0.138000
60 0.499000 0.349500 0.184000 0.111000
60 0.530500 0.264500 0.159000 0.091000
60 0.613000 0.721000 0.266000 0.180000
60 0.527000 0.170500 0.070000 0.073000
60 0.552000 0.205500 0.086000 0.046999
60 0.630500 0.585500 0.231000 0.141000
60 0.614000 0.476500 0.182000 0.143000
60 0.670000 0.360000 0.182000 0.132000
60 0.653500 0.171500 0.141000 0.071000
60 0.685500 0.215000 0.159000 0.096000
60 0.683000 0.286500 0.138000 0.076999
60 0.785500 0.148500 0.119000 0.087000
60 0.845500 0.536000 0.215000 0.170000
60 0.873000 0.702000 0.254000 0.187999
60 0.831000 0.431000 0.166000 0.142000
60 0.826500 0.268500 0.149000 0.099000
60 0.905500 0.930000 0.293000 0.246000
60 0.845500 0.198500 0.161000 0.099000
60 0.850500 0.333000 0.143000 0.078000
60 0.930000 0.129500 0.128000 0.097000
60 0.990000 0.178500 0.144000 0.085001
