60 0.879500 0.616686 0.093000 0.100111
60 0.217000 0.584650 0.064000 0.070078
60 0.244500 0.306841 0.045000 0.035039
60 0.270000 0.329366 0.064000 0.048053
60 0.273000 0.597165 0.062000 0.049055
60 0.277500 0.639211 0.061000 0.047052
60 0.340500 0.466018 0.049000 0.053058
60 0.396000 0.674250 0.058000 0.047052
60 0.383000 0.838433 0.026000 0.023026
60 0.415500 0.608176 0.055000 0.047052
60 0.431000 0.256786 0.066000 0.053058
60 0.465000 0.647220 0.056000 0.047052
60 0.500500 0.210734 0.037000 0.039044
60 0.525500 0.476030 0.033000 0.033036
60 0.533500 0.230757 0.049000 0.051056
60 0.537500 0.486040 0.041000 0.037041
60 0.558500 0.413961 0.041000 0.043048
60 0.576500 0.439990 0.069000 0.055060
60 0.603500 0.201725 0.049000 0.043047
60 0.628500 0.322859 0.047000 0.039044
60 0.637500 0.102614 0.039000 0.045050
60 0.666500 0.369411 0.053000 0.066074
60 0.678000 0.184706 0.048000 0.041046
60 0.685500 0.282314 0.057000 0.060067
60 0.711500 0.415462 0.049000 0.076084
60 0.722500 0.192714 0.045000 0.057064
60 0.728500 0.526085 0.045000 0.043048
60 0.732500 0.363405 0.045000 0.054061
60 0.739500 0.093605 0.051000 0.059066
60 0.765500 0.312848 0.053000 0.051056
60 0.870500 0.816409 0.039000 0.041045
60 0.874500 0.929535 0.043000 0.061068
60 0.916000 0.933539 0.022000 0.045049
60 0.939500 0.857955 0.041000 0.050055
60 0.978500 0.723304 0.041000 0.043048
60 0.995000 0.768855 0.070000 0.072080
