60 0.046000 0.980091 0.092000 0.172192
60 0.080000 0.771859 0.160000 0.310346
60 0.118500 0.484539 0.237000 0.342381
60 0.166500 0.257787 0.305000 0.311347
60 0.185000 0.057064 0.244000 0.114127
60 0.185500 0.801892 0.219000 0.316353
60 0.230000 0.979090 0.256000 0.174194
60 0.364500 0.558621 0.303000 0.318355
60 0.337000 0.806397 0.182000 0.211236
60 0.359500 0.104116 0.215000 0.208232
60 0.405500 0.332370 0.221000 0.244272
60 0.574500 0.906008 0.391000 0.310345
60 0.448500 0.023026 0.115000 0.046051
60 0.624000 0.620190 0.298000 0.269299
60 0.580500 0.467020 0.129000 0.099111
