60 0.429630 0.152337 0.052674 0.077404
60 0.483950 0.256915 0.069136 0.052701
60 0.479012 0.149867 0.055966 0.049407
60 0.501234 0.195157 0.074075 0.070816
60 0.499589 0.307969 0.041152 0.065875
60 0.529218 0.345024 0.034568 0.024704
60 0.561317 0.257739 0.085597 0.067522
60 0.555556 0.303029 0.070782 0.062582
60 0.593416 0.228918 0.077366 0.075758
60 0.604938 0.131752 0.064197 0.075758
60 0.659259 0.166336 0.070781 0.075758
60 0.674898 0.241270 0.085597 0.057641
60 0.682305 0.296441 0.070782 0.072463
60 0.727572 0.310440 0.069134 0.060934
60 0.737448 0.244564 0.065843 0.070816
60 0.776132 0.307969 0.051029 0.059289
