60 0.106500 0.571444 0.095000 0.082991
60 0.095000 0.945407 0.052000 0.078992
60 0.112500 0.641937 0.079000 0.069994
60 0.121000 0.873414 0.070000 0.074992
60 0.113500 0.774924 0.041000 0.061994
60 0.161500 0.797922 0.081000 0.079992
60 0.187000 0.609940 0.066000 0.085991
60 0.189000 0.469953 0.070000 0.067993
60 0.186000 0.947907 0.046000 0.051994
60 0.203500 0.541947 0.077000 0.075993
60 0.190500 0.885413 0.037000 0.044995
60 0.237500 0.391462 0.079000 0.062993
60 0.241500 0.329968 0.065000 0.041995
60 0.264500 0.264474 0.081000 0.062993
60 0.290500 0.352965 0.077000 0.065994
60 0.389000 0.504950 0.072000 0.071992
60 0.514000 0.395961 0.068000 0.071993
60 0.530000 0.314969 0.074000 0.067993
60 0.755500 0.265974 0.319000 0.515950
60 0.728000 0.698431 0.150000 0.192982
60 0.974000 0.856916 0.324000 0.215980
60 0.984000 0.507450 0.164000 0.124987
