60 0.770000 0.860500 0.292000 0.267000
60 0.245000 0.950500 0.342000 0.265000
60 0.242000 0.650000 0.238000 0.140000
60 0.330000 0.437000 0.193999 0.096000
60 0.327000 0.356000 0.166001 0.076000
60 0.377500 0.773000 0.267000 0.210000
60 0.319000 0.257500 0.134000 0.087000
60 0.343500 0.319000 0.145001 0.074000
60 0.541500 0.311000 0.153000 0.084000
60 0.582500 0.393000 0.143000 0.090000
60 0.629000 0.475000 0.170000 0.102000
60 0.686500 0.655500 0.229000 0.151000
60 0.773500 0.293000 0.131000 0.060000
60 0.812000 0.356000 0.120000 0.076000
60 0.847500 0.457500 0.181001 0.071000
60 0.864000 0.396000 0.157999 0.096000
