62 0.023000 0.204500 0.046000 0.031000
62 0.097500 0.457500 0.039000 0.031001
62 0.119500 0.397000 0.047000 0.040000
62 0.222500 0.451500 0.045000 0.031001
62 0.223000 0.382500 0.036000 0.034999
62 0.336500 0.429500 0.037000 0.025000
62 0.341500 0.368500 0.035000 0.019000
62 0.678500 0.615500 0.097000 0.221000
62 0.691500 0.702500 0.111000 0.217000
62 0.683000 0.538000 0.092000 0.206000
62 0.692500 0.797000 0.105000 0.246000
62 0.706000 0.938000 0.112000 0.320000
62 0.798500 0.520000 0.089000 0.184000
62 0.792000 0.630000 0.068000 0.289999
62 0.810500 0.710000 0.085000 0.302000
62 0.841500 0.796500 0.105000 0.292999
62 0.851500 0.929000 0.101000 0.330000
62 0.894000 0.535000 0.078000 0.228000
62 0.925500 0.621000 0.091000 0.271999
62 0.946500 0.705000 0.093000 0.316001
62 0.982000 0.773500 0.114000 0.277000
