62 0.010938 0.671094 0.021875 0.220312
62 0.028125 0.386719 0.056250 0.160937
62 0.029687 0.116406 0.059374 0.060937
62 0.040625 0.668750 0.056251 0.271875
62 0.071094 0.071875 0.067187 0.040625
62 0.082813 0.666406 0.078125 0.279687
62 0.091406 0.356250 0.064062 0.215625
62 0.096094 0.125000 0.060938 0.046875
62 0.160938 0.672656 0.068749 0.289062
62 0.206250 0.373438 0.078125 0.250000
62 0.221875 0.671875 0.084374 0.309375
62 0.236719 0.125781 0.101563 0.192188
62 0.238282 0.344531 0.017187 0.089063
62 0.285157 0.382813 0.104688 0.243750
62 0.280469 0.674219 0.070314 0.276563
62 0.331250 0.125781 0.075000 0.185937
62 0.321874 0.360156 0.025000 0.101563
62 0.351563 0.671094 0.071875 0.273437
62 0.369531 0.379687 0.070314 0.240625
62 0.379687 0.610937 0.037499 0.150000
62 0.414843 0.119531 0.104688 0.204687
62 0.422657 0.680469 0.085938 0.292187
62 0.425000 0.379687 0.068749 0.240625
62 0.492187 0.663281 0.087501 0.310938
62 0.569531 0.700000 0.051562 0.150000
62 0.584375 0.660156 0.065624 0.254688
62 0.672656 0.732812 0.054688 0.143751
62 0.720313 0.723437 0.040626 0.162500
62 0.753125 0.997656 0.062499 0.129688
62 0.758594 0.725781 0.039062 0.145313
62 0.768750 0.668750 0.037501 0.100000
62 0.804688 0.718750 0.056250 0.153125
62 0.819531 0.667969 0.051562 0.098437
62 0.857813 0.727344 0.037501 0.142187
62 0.871094 0.684375 0.060938 0.193750
