62 0.096500 0.239014 0.193000 0.094006
62 0.400000 0.242014 0.152000 0.104007
62 0.671000 0.240014 0.020000 0.096006
62 0.696500 0.244015 0.023000 0.104007
62 0.737500 0.850550 0.075000 0.055004
62 0.722500 0.245014 0.033000 0.106006
62 0.758500 0.584534 0.047000 0.037002
62 0.750500 0.244015 0.029000 0.100006
62 0.775500 0.241014 0.025000 0.098005
62 0.811500 0.596535 0.047000 0.039002
62 0.839000 0.923554 0.090000 0.069004
62 0.986500 0.245014 0.193000 0.106006
62 0.921000 0.526031 0.020000 0.012000
62 0.943500 0.526031 0.041000 0.024001
62 0.950500 0.712542 0.055000 0.049002
62 0.950500 0.427525 0.039000 0.021001
62 0.962000 0.478528 0.036000 0.025001
