62 0.447000 0.873973 0.074000 0.318354
62 0.522000 0.897999 0.080000 0.336374
62 0.539000 0.774862 0.074000 0.164183
62 0.586000 0.795385 0.074000 0.181201
62 0.602500 0.905007 0.103000 0.322359
62 0.663000 0.890491 0.084000 0.351391
62 0.663000 0.741826 0.072000 0.254283
62 0.720500 0.893995 0.101000 0.344384
62 0.695500 0.673249 0.031000 0.147163
62 0.728000 0.761347 0.074000 0.281314
62 0.765500 0.738822 0.059000 0.272302
62 0.845500 0.734818 0.063000 0.298331
62 0.842500 0.646719 0.041000 0.150167
62 0.916000 0.636208 0.156000 0.115128
62 0.884500 0.670246 0.047000 0.183204
62 0.929500 0.645718 0.133000 0.218243
62 0.943500 0.663739 0.055000 0.154171
62 0.952000 0.552114 0.016000 0.029033
62 0.966000 0.547109 0.012000 0.039044
