62 0.350500 0.631000 0.161000 0.122000
62 0.404500 0.540500 0.099000 0.419000
62 0.449000 0.573500 0.080000 0.449000
62 0.540000 0.701500 0.168000 0.515000
62 0.542000 0.407000 0.060000 0.198000
62 0.587500 0.534500 0.109000 0.337000
62 0.653500 0.634000 0.147000 0.442000
62 0.728000 0.806000 0.130000 0.318000
62 0.825000 0.877500 0.168000 0.465000
62 0.795000 0.592000 0.104000 0.088000
62 0.888000 0.650000 0.104000 0.060000
62 0.960500 0.562000 0.095000 0.054000
62 0.976000 0.101000 0.068000 0.128000
