62 0.009500 0.979500 0.019000 0.027000
62 0.010500 0.713500 0.021000 0.039000
62 0.014500 0.204500 0.029000 0.045000
62 0.021000 0.817500 0.042000 0.045000
62 0.022000 0.493000 0.044000 0.050000
62 0.023000 0.154000 0.046000 0.068000
62 0.032000 0.617000 0.064000 0.050000
62 0.032000 0.932500 0.064000 0.047000
62 0.086000 0.203000 0.172000 0.186000
62 0.131500 0.230500 0.263000 0.201000
62 0.057000 0.744500 0.072000 0.031000
62 0.083000 0.506500 0.078000 0.051000
62 0.197000 0.222000 0.304000 0.229999
62 0.078000 0.857500 0.064000 0.035000
62 0.109500 0.635000 0.083000 0.052000
62 0.098000 0.953000 0.056000 0.052000
62 0.130500 0.760000 0.083000 0.062000
62 0.155000 0.888500 0.074000 0.031000
62 0.288000 0.214500 0.312000 0.231000
62 0.180000 0.520000 0.090000 0.058000
62 0.180000 0.992000 0.078000 0.064000
62 0.198500 0.658500 0.087000 0.057000
62 0.222500 0.790000 0.077000 0.064000
62 0.243000 0.915000 0.080000 0.073999
62 0.281500 0.535500 0.091000 0.064999
62 0.402500 0.211500 0.297000 0.267000
62 0.307500 0.682000 0.089000 0.068000
62 0.331500 0.822000 0.097000 0.070001
62 0.348500 0.960000 0.093000 0.070001
62 0.403000 0.545000 0.108000 0.078000
62 0.520000 0.172500 0.310000 0.340999
62 0.426000 0.709000 0.108000 0.084000
62 0.575000 0.571500 0.132000 0.099000
62 0.695000 0.173500 0.320000 0.347000
62 0.599500 0.740000 0.115000 0.110000
62 0.612000 0.897000 0.108000 0.109999
62 0.860000 0.581000 0.352000 0.114000
62 0.866500 0.184500 0.353000 0.333000
62 0.763000 0.765000 0.124000 0.121999
62 0.782000 0.943500 0.126000 0.141000
62 0.974500 0.807500 0.159000 0.153000
