62 0.038477 0.694872 0.076953 0.066666
62 0.060280 0.788462 0.105170 0.069230
62 0.115430 0.688462 0.071824 0.058974
62 0.146211 0.797436 0.051301 0.087179
62 0.174427 0.682051 0.020521 0.066666
62 0.198796 0.684615 0.017955 0.061538
62 0.374505 0.814102 0.020521 0.028205
62 0.397591 0.798718 0.025651 0.058974
62 0.482239 0.788462 0.133385 0.084616
62 0.437350 0.676923 0.033346 0.066666
62 0.513021 0.666666 0.082084 0.087179
62 0.663079 0.782051 0.141080 0.097437
62 0.610495 0.656410 0.020521 0.097435
62 0.633581 0.656410 0.025651 0.092309
62 0.665645 0.656410 0.017957 0.092309
62 0.742598 0.656410 0.023086 0.087179
62 0.806725 0.766666 0.115430 0.051282
62 0.774661 0.655128 0.020521 0.079488
62 0.802877 0.653846 0.030781 0.092307
