63 0.120480 0.669600 0.200640 0.298560
63 0.025920 0.679680 0.051840 0.138240
63 0.031200 0.248640 0.062400 0.111360
63 0.046560 0.084000 0.093120 0.116160
63 0.047520 0.532800 0.095040 0.117120
63 0.052800 0.395520 0.105600 0.182400
63 0.077760 0.947520 0.155520 0.130560
63 0.095040 0.825600 0.190080 0.167040
63 0.116160 0.239520 0.140160 0.068160
63 0.138720 0.375840 0.177600 0.162240
63 0.160320 0.167520 0.209280 0.146880
63 0.218880 0.968160 0.161280 0.143040
63 0.246240 0.286080 0.152640 0.099840
63 0.334560 0.612480 0.181440 0.193920
63 0.345600 0.245760 0.138240 0.113280
63 0.426720 0.214080 0.212160 0.136320
63 0.437760 0.875040 0.201600 0.233280
63 0.507840 0.707040 0.251520 0.198720
63 0.509280 0.481440 0.171840 0.121920
63 0.507840 0.330720 0.107520 0.146880
63 0.636000 0.351840 0.169920 0.181440
63 0.624000 0.453120 0.140160 0.172800
63 0.715680 0.571680 0.154560 0.183360
